NpcName	Class	NpcTemplateId	NpcType	NpcCamp	NpcLevel	NpcSeriesAuto	NpcSeriesMetal	NpcSeriesWood	NpcSeriesWater	NpcSeriesFire	NpcSeriesEarth	NpcTreasure	NpcDroprate	XPos	YPos	NpcPosFile	Removewhendeath	Quantity	ChangeColorScheme
裴远	0	3501	3	5	30	1	20	20	20	20	20	1		49664	100960		1		
寂幻	0	3507	3	5	30	1	20	20	20	20	20	1		49888	101632		1		
唐济民	0	3513	3	5	30	1	20	20	20	20	20	1		48960	101312		1		
边一春	0	3519	3	5	30	1	20	20	20	20	20	1		48320	101888		1		
玄静	0	3525	3	5	30	1	20	20	20	20	20	1		47968	100608		1		
苏雅	0	3531	3	5	30	1	20	20	20	20	20	1		47520	100672		1		
罗俊	0	3537	3	5	30	1	20	20	20	20	20	1		46976	103296		1		
谢飞京	0	3543	3	5	30	1	20	20	20	20	20	1		46304	102656		1		
明慧	0	3549	3	5	30	1	20	20	20	20	20	1		45536	104704		1		
归惊晴	0	3555	3	5	30	1	20	20	20	20	20	1		45696	103616		1		
甜酒叔	0	3561	3	5	60	1	20	20	20	20	20	1		47936	103968		1		
沈荷叶	0	3562	3	5	60	1	20	20	20	20	20	1		48448	103680		1		
郝漂靓	0	3563	3	5	60	1	20	20	20	20	20	1		48800	103360		1		
张斩经	0	3564	3	5	60	1	20	20	20	20	20	1		49120	102784		1		
不动先生	0	3565	3	5	60	1	20	20	20	20	20	1		49408	103168		1		
大老白	0	3566	3	5	60	1	20	20	20	20	20	1		49888	103168		1		
谢贤	0	3567	3	5	60	1	20	20	20	20	20	1		49984	105088		1		
张松涛	0	3568	3	5	60	1	20	20	20	20	20	1		51168	103168		1		
木良	0	3569	3	5	60	1	20	20	20	20	20	1		50464	103936		1		
白秋琳	0	3570	3	5	90	1	20	20	20	20	20	1		48896	104672		1		
龙五太爷	0	3571	3	5	150	1	20	20	20	20	20	1		49632	104896		1		
义军侍卫	0	3572	5	5	60	1	20	20	20	20	20	1				\setting\map\map_info\longquancun\npc\yijunshiwei.txt	1		
包万同	0	3573	3	5	60	1	20	20	20	20	20	1		50912	105472		1		
冶炼大师	0	3574	3	5	60	1	20	20	20	20	20	3		50112	108864		1		2
叶芷琳	0	3576	3	5	60	1	20	20	20	20	20	3		45344	108640		1		
车夫	0	2597	3	5	60	1	20	20	20	20	20	3		51456	106720		1		
车夫	0	2597	3	5	60	1	20	20	20	20	20	3		47392	105440		1		
邹德侩	0	2599	3	5	60	1	20	20	20	20	20	3		49696	104128		1		
邹德侩	0	2599	3	5	60	1	20	20	20	20	20	3		50944	107136		1		
邹德侩	0	2599	3	5	60	1	20	20	20	20	20	3		47808	105504		1		
礼官	0	2601	3	5	60	1	20	20	20	20	20	3		51648	104096		1		
叶晓钗	0	7156	3	5	60	1	20	20	20	20	20	3		0	0		1		
破旧箱子一	0	3578	3	5	1	1	20	20	20	20	20	3		50272	105184		1		
破旧箱子二	0	3579	3	5	1	1	20	20	20	20	20	3		50464	105184		1		
破旧箱子三	0	3580	3	5	1	1	20	20	20	20	20	3		50624	105024		1		
奇怪的箱子	0	3581	3	5	1	1	20	20	20	20	20	3		50752	104576		1		
to_linanfu	1															\setting\map\map_info\longquancun\trap\to_linanfu.txt			
to_wudujiao	1															\setting\map\map_info\longquancun\trap\to_wudujiao.txt			
to_changgemen	1															\setting\map\map_info\longquancun\trap\to_changgemen.txt			
to_yandanglongqiu	1															\setting\map\map_info\longquancun\trap\to_yandanglongqiu.txt			
to_zhujianfang	1															\setting\map\map_info\longquancun\trap\to_zhujianfang.txt			
to_bangyuanmidong	1															\setting\map\map_info\longquancun\trap\to_bangyuanmidong.txt			
临安府入口	0	2525	4	5	1	1	20	20	20	20	20	1		54560	106080		1		
五毒教入口	0	2525	4	5	1	1	20	20	20	20	20	1		44608	106464		1		
长歌门入口	0	2525	4	5	1	1	20	20	20	20	20	1		49632	112896		1		
雁荡龙湫入口	0	2525	4	5	1	1	20	20	20	20	20	1		53280	110720		1		
铸剑坊入口	0	2525	4	5	1	1	20	20	20	20	20	1		51616	111360		1		
帮源秘洞入口	0	2525	4	5	1	1	20	20	20	20	20	1		44448	102752		1		
段修静	0	3480	3	5	30	1	20	20	20	20	20	1		46304	105216		1		
童凌	0	3474	3	5	30	1	20	20	20	20	20	1		46720	104160		1		
义军军需官	0	2711	3	5	60	1	20	20	20	20	20	1		50976	105376		1		
古枫霞	0	3601	3	5	60	1	20	20	20	20	20	1		49504	106656		1		3
6004	0	6004	5	5	1	1	20	20	20	20	20	1		46240	106112		1		
6004	0	6004	5	5	1	1	20	20	20	20	20	1		47168	102208		1		
6004	0	6004	5	5	1	1	20	20	20	20	20	1		47264	102240		1		
6004	0	6004	5	5	1	1	20	20	20	20	20	1		47520	109120		1		
6004	0	6004	5	5	1	1	20	20	20	20	20	1		52640	105888		1		
6005	0	6005	5	5	1	1	20	20	20	20	20	1		46336	106208		1		
6005	0	6005	5	5	1	1	20	20	20	20	20	1		47040	102048		1		
6005	0	6005	5	5	1	1	20	20	20	20	20	1		47584	109024		1		
6005	0	6005	5	5	1	1	20	20	20	20	20	1		47616	109056		1		
6005	0	6005	5	5	1	1	20	20	20	20	20	1		52576	105984		1		
6006	0	6006	5	5	1	1	20	20	20	20	20	1		46176	106400		1		
6006	0	6006	5	5	1	1	20	20	20	20	20	1		47136	101920		1		
6006	0	6006	5	5	1	1	20	20	20	20	20	1		47392	108800		1		
6006	0	6006	5	5	1	1	20	20	20	20	20	1		52512	105824		1		
6007	0	6007	5	5	1	1	20	20	20	20	20	1		52864	107552		1		
6027	0	6027	5	5	1	1	20	20	20	20	20	1		45888	106016		1		
6027	0	6027	5	5	1	1	20	20	20	20	20	1		45728	108640		1		
6027	0	6027	5	5	1	1	20	20	20	20	20	1		47392	101856		1		
6027	0	6027	5	5	1	1	20	20	20	20	20	1		47744	108640		1		
6032	0	6032	5	5	1	1	20	20	20	20	20	1		47200	105312		1		
6032	0	6032	5	5	1	1	20	20	20	20	20	1		51232	106432		1		
6033	0	6033	5	5	1	1	20	20	20	20	20	1		46784	105216		1		
6034	0	6034	5	5	1	1	20	20	20	20	20	1		51296	106400		1		
6037	0	6037	5	5	1	1	20	20	20	20	20	1		46688	105184		1		
6047	0	6047	5	5	1	1	20	20	20	20	20	1		48576	100864		1		
6057	0	6057	5	5	1	1	20	20	20	20	20	1		50336	101952		1		
6059	0	6059	5	5	1	1	20	20	20	20	20	1		50752	101376		1		
6067	0	6067	5	5	1	1	20	20	20	20	20	1		49536	101984		1		
6069	0	6069	5	5	1	1	20	20	20	20	20	1		49312	106688		1		
6090	0	6090	5	5	1	1	20	20	20	20	20	1		47712	104000		1		
6093	0	6093	5	5	1	1	20	20	20	20	20	1		49056	102880		1		
6099	0	6099	5	5	1	1	20	20	20	20	20	1		52768	107616		1		
6110	0	6110	5	5	1	1	20	20	20	20	20	1		48480	100992		1		
6111	0	6111	5	5	1	1	20	20	20	20	20	1		50560	100768		1		
6029	0	6029	5	5	1	1	20	20	20	20	20	1		51392	103232		1		
6030	0	6030	5	5	1	1	20	20	20	20	20	1		46688	105824		1		
6030	0	6030	5	5	1	1	20	20	20	20	20	1		50240	101888		1		
特产商人	0	2963	3	5	60	1	20	20	20	20	20	1		49216	105824		1		
to_wuyishan	1															\setting\map\map_info\longquancun\trap\to_wuyishan.txt			
武夷山入口	0	2525	4	5	1	1	20	20	20	20	20	1		46560	110560		1		
王苍恩	0	4042	3	5	90	1	20	20	20	20	20	1		48352	109184		1		
顾海潮	0	607	3	5	30	1	20	20	20	20	20	1		48640	106912		1		
晏若雪	0	3603	3	5	60	1	20	20	20	20	20	3		48128	107840		1		
秦洼	0	3642	3	5	60	1	20	20	20	20	20	3		46400	108480		1		
马芸	0	3699	3	5	60	1	20	20	20	20	20	1		46816	105984		1		3
苏梦珍	0	7396	3	5	60	1	20	20	20	20	20	3		50240	107840		1		2
悠絮语	0	11015	3	5	30	1	20	20	20	20	20	1		46160	105968		1		
