NpcName	Class	NpcTemplateId	NpcType	NpcCamp	NpcLevel	NpcSeriesAuto	NpcSeriesMetal	NpcSeriesWood	NpcSeriesWater	NpcSeriesFire	NpcSeriesEarth	NpcTreasure	NpcDroprate	XPos	YPos	NpcPosFile	Removewhendeath	Quantity	ChangeColorScheme
甜酒叔	0	3561	3	5	60	1	20	20	20	20	20	1		50656	102048				
沈荷叶	0	3562	3	5	60	1	20	20	20	20	20	1		51488	102496				
郝漂靓	0	3563	3	5	60	1	20	20	20	20	20	1		51456	101152				
张斩经	0	3564	3	5	60	1	20	20	20	20	20	1		52032	101504				
不动先生	0	3565	3	5	60	1	20	20	20	20	20	1		52416	102272				
大老白	0	3566	3	5	60	1	20	20	20	20	20	1		52640	102912				
谢贤	0	3567	3	5	60	1	20	20	20	20	20	1		50080	105120				
张松涛	0	3568	3	5	60	1	20	20	20	20	20	1		53376	101504				
木良	0	3569	3	5	60	1	20	20	20	20	20	1		52928	101280				
包万同	0	3573	3	5	60	1	20	20	20	20	20	1		51872	103072				
公平子	0	2501	3	5	60	1	20	20	20	20	20	1		48928	105312				
冶炼大师	0	3574	3	5	60	1	20	20	20	20	20	1		47968	103072				2
礼官	0	2601	3	5	60	1	20	20	20	20	20	1		51360	106400				
叶芷琳	0	3576	3	5	60	1	20	20	20	20	20	1		49888	102176				
物品保管人	0	2599	3	5	60	1	20	20	20	20	20	1		53728	103872				
物品保管人	0	2599	3	5	60	1	20	20	20	20	20	1		50624	106688				
物品保管人	0	2599	3	5	60	1	20	20	20	20	20	1		49216	100256				
物品保管人	0	2599	3	5	60	1	20	20	20	20	20	1		53600	100704				
车夫	0	2597	3	5	60	1	20	20	20	20	20	1		53088	103968				
车夫	0	2597	3	5	60	1	20	20	20	20	20	1		50112	106112				
车夫	0	2597	3	5	60	1	20	20	20	20	20	1		49600	100992				
车夫	0	2597	3	5	60	1	20	20	20	20	20	1		53024	100256				
马贩	0	2605	3	5	60	1	20	20	20	20	20	1		52512	107168				
to_jiangjincun	1															\setting\map\map_info\chengdufu\trap\to_jiangjincun.txt			
to_emeipai	1															\setting\map\map_info\chengdufu\trap\to_emeipai.txt			
to_huanhuaxi	1															\setting\map\map_info\chengdufu\trap\to_huanhuaxi.txt			
to_jiangeshudao	1															\setting\map\map_info\chengdufu\trap\to_jiangeshudao.txt			
江津村入口	0	2525	4	5	1	1	20	20	20	20	20	1		55936	107552				
峨嵋派入口	0	2525	4	5	1	1	20	20	20	20	20	1		47712	109056				
浣花溪入口	0	2525	4	5	1	1	20	20	20	20	20	1		47264	99520				
剑阁蜀道入口	0	2525	4	5	1	1	20	20	20	20	20	1		54752	98688				
菱花	0	529	3	5	60	1	20	20	20	20	20	1		50912	103616				0
香炉	0	1571	3	5	1	1	20	20	20	20	20	1		55168	101472				
钱多多	0	577	3	5	60	1	20	20	20	20	20	1		48608	102016				
谷宁山	0	534	3	5	60	1	20	20	20	20	20	1		50624	100896				
赵元靖	0	2607	3	5	60	1	20	20	20	20	20	1		49056	103552				
完颜隆旭	0	2608	3	5	60	1	20	20	20	20	20	1		53824	105568				
黄裳	0	2606	3	5	60	1	20	20	20	20	20	1		53856	102496				
景思子仁	0	531	3	5	60	1	20	20	20	20	20	1		55424	101184				
白虎堂护卫	0	2654	3	5	60	1	20	20	20	20	20	1		50816	99616				
云游僧人	0	2625	3	5	60	1	20	20	20	20	20	1		54688	101248				
义军军需官	0	2711	3	5	60	1	20	20	20	20	20	1		51904	103136				
马穿山	0	2955	3	5	60	1	20	20	20	20	20	1		49920	99744				
唐珈	0	1801	3	5	60	1	20	20	20	20	20	1		52256	100192				
6005	0	6005	5	5	1	1	20	20	20	20	20	1		52320	100128				
6006	0	6006	5	5	1	1	20	20	20	20	20	1		48960	108128				
6006	0	6006	5	5	1	1	20	20	20	20	20	1		52352	100192				
6007	0	6007	5	5	1	1	20	20	20	20	20	1		52960	103936				
6010	0	6010	5	5	1	1	20	20	20	20	20	1		48576	107552				
6018	0	6018	5	5	1	1	20	20	20	20	20	1		47744	99104				
6018	0	6018	5	5	1	1	20	20	20	20	20	1		54624	98432				
6019	0	6019	5	5	1	1	20	20	20	20	20	1		47968	108320				
6020	0	6020	5	5	1	1	20	20	20	20	20	1		49216	108096				
6029	0	6029	5	5	1	1	20	20	20	20	20	1		52160	100032				
6029	0	6029	5	5	1	1	20	20	20	20	20	1		52384	100160				
6036	0	6036	5	5	1	1	20	20	20	20	20	1		53120	100128				
6037	0	6037	5	5	1	1	20	20	20	20	20	1		53024	100160				
毕炜	0	6042	5	5	1	1	20	20	20	20	20	1		51328	107200				
刘建	0	6044	5	5	1	1	20	20	20	20	20	1		51328	107552				
刘瑷	0	6056	5	5	1	1	20	20	20	20	20	1		53216	102880				
陈虎	0	6074	5	5	1	1	20	20	20	20	20	1		49248	101152				
甘一山	0	6074	5	5	1	1	20	20	20	20	20	1		50368	106336				
谢伟	0	6074	5	5	1	1	20	20	20	20	20	1		55296	106304				
杜阳	0	6090	5	5	1	1	20	20	20	20	20	1		50720	102048				
田超	0	6091	5	5	1	1	20	20	20	20	20	1		47200	102528				
6094	0	6094	5	5	1	1	20	20	20	20	20	1		55808	101504				
6095	0	6095	5	5	1	1	20	20	20	20	20	1		54112	102464				
6095	0	6095	5	5	1	1	20	20	20	20	20	1		55200	100768				
袁莉	0	6096	5	5	1	1	20	20	20	20	20	1		51936	106976				
章敬	0	6099	5	5	1	1	20	20	20	20	20	1		50784	103712				
张夕	0	6101	5	5	1	1	20	20	20	20	20	1		51872	108064				
白寅	0	6103	5	5	1	1	20	20	20	20	20	1		48224	99488				
梁飞	0	6103	5	5	1	1	20	20	20	20	20	1		54304	98752				
张震	0	6103	5	5	1	1	20	20	20	20	20	1		55616	106880				
吴牛	0	6106	5	5	1	1	20	20	20	20	20	1		50528	105376				
乔海	0	6108	5	5	1	1	20	20	20	20	20	1		50656	105504				
江龙	0	6109	5	5	1	1	20	20	20	20	20	1		49280	104032				
小三丘	0	6110	5	5	1	1	20	20	20	20	20	1		48864	101792				
秋萍	0	6111	5	5	1	1	20	20	20	20	20	1		49152	104128				
小欧仔	0	6112	5	5	1	1	20	20	20	20	20	1		48800	101856				
英颖	0	6113	5	5	1	1	20	20	20	20	20	1		51168	101152				
黎沙	0	6114	5	5	1	1	20	20	20	20	20	1		51168	103616				
卫兵	0	6119	5	5	1	1	20	20	20	20	20	1		49088	100448				
卫兵	0	6119	5	5	1	1	20	20	20	20	20	1		48832	100672				
卫兵	0	6119	5	5	1	1	20	20	20	20	20	1		49248	107008				
卫兵	0	6119	5	5	1	1	20	20	20	20	20	1		49440	107200				
卫兵	0	6119	5	5	1	1	20	20	20	20	20	1		53344	100128				
卫兵	0	6119	5	5	1	1	20	20	20	20	20	1		53600	100448				
卫兵	0	6119	5	5	1	1	20	20	20	20	20	1		54720	106560				
卫兵	0	6119	5	5	1	1	20	20	20	20	20	1		55008	106272				
6031	0	6031	5	5	1	1	20	20	20	20	20	1		49664	100832				
6031	0	6031	5	5	1	1	20	20	20	20	20	1		53248	103904				
6034	0	6034	5	5	1	1	20	20	20	20	20	1		50016	106208				
6034	0	6034	5	5	1	1	20	20	20	20	20	1		52288	107232				
特产商人	0	2963	3	5	60	1	20	20	20	20	20	1		54656	104384		1		
商会老板	0	2965	3	5	60	1	20	20	20	20	20	1		51488	104256		1		
盛夏活动推广员	0	2992	3	5	60	1	20	20	20	20	20	1		50176	103456		1		
刑部捕头	0	2994	3	5	60	1	20	20	20	20	20	1		52032	105152				
初级武林联赛官员	0	3384	3	5	60	1	20	20	20	20	20	1		50528	105600				
高级武林联赛官员	0	3385	3	5	60	1	20	20	20	20	20	1		54496	102816				
李锦才	0	3602	3	5	60	1	20	20	20	20	20	1		52256	103616				
拍卖师	0	2758     拍卖师	3	5	60	1	20	20	20	20	20	1		55552	104768				
领土战官员	0	3406	3	5	60	1	20	20	20	20	20	1		49376	104160				
帮会联盟使	0	3679	3	5	60	1	20	20	20	20	20	1		52352	108576				
圣诞老人	0	3468	3	6	1	1	20	20	20	20	20	1		0	0				
铁浮城远征军	0	6839	5	5	1	1	20	20	20	20	20	1		48864	101888				
修木泽	0	6863	3	5	1	1	20	20	20	20	20	1		48800	102176				
张绝之	0	7137	3	5	60	1	20	20	20	20	20	1		48896	101984				
铁浮城远征军	0	6839	5	5	1	1	20	20	20	20	20	1		48960	101952				
