TaskId	TaskName	TaskType	Value1	Value2	MapId	MapName	NpcId	NpcName	Num	Level1	Level2	Level3	Level4	Level5	Level6	Level7	Level8	Level9	Level10	Level11
任务编号	人物名	任务类型	价值量1	价值量2	地图编号	地图名称	NpcId	Npc名称	数量	等级1	等级2	等级3	等级4	等级5	等级6	等级7	等级8	等级9	等级10	等级11
20007	拐子	KillNpc	0	1250	52	百花谷	2209	拐子	24	10000	0	0	0	0	0	0	0	0	0	0
20008	蒙古大夫	KillNpc	0	1250	52	百花谷	2210	蒙古大夫	24	10000	0	0	0	0	0	0	0	0	0	0
20009	江湖刀客	KillNpc	0	1250	52	百花谷	2037	江湖刀客	24	10000	0	0	0	0	0	0	0	0	0	0
20010	江湖剑客	KillNpc	0	1250	52	百花谷	2038	江湖剑客	24	10000	0	0	0	0	0	0	0	0	0	0
20023	盐帮帮众	KillNpc	0	1250	55	青螺岛	2045	盐帮帮众	24	10000	0	0	0	0	0	0	0	0	0	0
20024	神秘刺客	KillNpc	0	1250	55	青螺岛	2046	神秘刺客	24	10000	0	0	0	0	0	0	0	0	0	0
20025	大内随从	KillNpc	0	1250	55	青螺岛	2217	大内随从	24	10000	0	0	0	0	0	0	0	0	0	0
20026	行脚商人	KillNpc	0	1250	55	青螺岛	2218	行脚商人	24	10000	0	0	0	0	0	0	0	0	0	0
20031	护陵刀兵	KillNpc	0	1250	47	天忍教禁地	2049	护陵刀兵	24	10000	0	0	0	0	0	0	0	0	0	0
20032	挖土工匠	KillNpc	0	1250	47	天忍教禁地	2221	挖土工匠	24	10000	0	0	0	0	0	0	0	0	0	0
20033	砌石工匠	KillNpc	0	1250	47	天忍教禁地	2222	砌石工匠	24	10000	0	0	0	0	0	0	0	0	0	0
20034	护陵弓手	KillNpc	0	1250	47	天忍教禁地	2050	护陵弓手	24	10000	0	0	0	0	0	0	0	0	0	0
20035	参客	KillNpc	0	1250	48	见性峰	2051	参客	24	10000	0	0	0	0	0	0	0	0	0	0
20036	无名刀客	KillNpc	0	1250	48	见性峰	2052	无名刀客	24	10000	0	0	0	0	0	0	0	0	0	0
20037	雪山派除名弟子	KillNpc	0	1250	48	见性峰	2053	雪山派除名弟子	24	10000	0	0	0	0	0	0	0	0	0	0
20038	老迈的雪猿	KillNpc	0	1250	48	见性峰	2223	老迈的雪猿	24	10000	0	0	0	0	0	0	0	0	0	0
20043	护陵枪兵	KillNpc	0	1250	57	金国皇陵一层	2070	护陵枪兵	24	0	10000	0	0	0	0	0	0	0	0	0
20044	冥府归客	KillNpc	0	1250	57	金国皇陵一层	2072	冥府归客	24	0	10000	0	0	0	0	0	0	0	0	0
20045	护陵弩手	KillNpc	0	1250	57	金国皇陵一层	2071	护陵弩手	24	0	10000	0	0	0	0	0	0	0	0	0
20046	强悍雪猿	KillNpc	0	1250	58	冰穴迷宫一层	2073	强悍雪猿	24	0	10000	0	0	0	0	0	0	0	0	0
20047	雪猿王	KillNpc	0	1250	58	冰穴迷宫一层	2074	雪猿王	24	0	10000	0	0	0	0	0	0	0	0	0
20060	野狼	KillNpc	0	1250	62	百花阵外阵	2058	野狼	24	0	10000	0	0	0	0	0	0	0	0	0
20061	霹雳锤	KillNpc	0	1250	62	百花阵外阵	2059	霹雳锤	24	0	10000	0	0	0	0	0	0	0	0	0
20062	云游侠客	KillNpc	0	1250	62	百花阵外阵	2226	云游侠客	24	0	10000	0	0	0	0	0	0	0	0	0
20063	百花护法	KillNpc	0	1250	62	百花阵外阵	2227	百花护法	24	0	10000	0	0	0	0	0	0	0	0	0
20072	捕快	KillNpc	0	1250	65	芦苇荡东南部	2067	捕快	24	0	10000	0	0	0	0	0	0	0	0	0
20073	乔装密探	KillNpc	0	1250	65	芦苇荡东南部	2066	乔装密探	24	0	10000	0	0	0	0	0	0	0	0	0
20074	过路旅客	KillNpc	0	1250	65	芦苇荡东南部	2234	过路旅客	24	0	10000	0	0	0	0	0	0	0	0	0
20075	行脚商贩	KillNpc	0	1250	65	芦苇荡东南部	2235	行脚商贩	24	0	10000	0	0	0	0	0	0	0	0	0
20080	建陵工匠	KillNpc	0	1250	67	金国皇陵二层	2093	建陵工匠	24	0	0	10000	0	0	0	0	0	0	0	0
20081	金国校尉	KillNpc	0	1250	67	金国皇陵二层	2252	金国校尉	24	0	0	10000	0	0	0	0	0	0	0	0
20082	贪官家丁	KillNpc	0	1250	67	金国皇陵二层	2092	贪官家丁	24	0	0	10000	0	0	0	0	0	0	0	0
20083	幽冥狼	KillNpc	0	1250	67	金国皇陵二层	2091	幽冥狼	24	0	0	10000	0	0	0	0	0	0	0	0
20084	穴居男野人	KillNpc	0	1250	68	冰穴迷宫二层	2095	穴居男野人	24	0	0	10000	0	0	0	0	0	0	0	0
20085	穴居小野人	KillNpc	0	1250	68	冰穴迷宫二层	2096	穴居小野人	24	0	0	10000	0	0	0	0	0	0	0	0
20086	穴居女野人	KillNpc	0	1250	68	冰穴迷宫二层	2094	穴居女野人	24	0	0	10000	0	0	0	0	0	0	0	0
20097	石城劣兵	KillNpc	0	1250	72	百花阵内阵	2079	石城劣兵	24	0	0	10000	0	0	0	0	0	0	0	0
20098	电光矛	KillNpc	0	1250	72	百花阵内阵	2080	电光矛	24	0	0	10000	0	0	0	0	0	0	0	0
20099	小毛贼	KillNpc	0	1250	72	百花阵内阵	2240	小毛贼	24	0	0	10000	0	0	0	0	0	0	0	0
20100	寻宝旅人	KillNpc	0	1250	72	百花阵内阵	2241	寻宝旅人	24	0	0	10000	0	0	0	0	0	0	0	0
20109	快剑客	KillNpc	0	1250	75	芦苇荡西北部	2088	快剑客	24	0	0	10000	0	0	0	0	0	0	0	0
20110	快刀客	KillNpc	0	1250	75	芦苇荡西北部	2087	快刀客	24	0	0	10000	0	0	0	0	0	0	0	0
20111	邪恶绑匪	KillNpc	0	1250	75	芦苇荡西北部	2249	邪恶绑匪	24	0	0	10000	0	0	0	0	0	0	0	0
20112	匪徒帮凶	KillNpc	0	1250	75	芦苇荡西北部	2248	匪徒帮凶	24	0	0	10000	0	0	0	0	0	0	0	0
20113	剿匪兵	KillNpc	0	1250	86	太行古径	2119	剿匪兵	24	0	0	0	10000	0	0	0	0	0	0	0
20114	武装的村民	KillNpc	0	1250	86	太行古径	2117	武装的村民	24	0	0	0	10000	0	0	0	0	0	0	0
20115	暴怒的矿工	KillNpc	0	1250	86	太行古径	2118	暴怒的矿工	24	0	0	0	10000	0	0	0	0	0	0	0
20116	马贼游骑	KillNpc	0	1250	87	大散关	2133	马贼游骑	24	0	0	0	10000	0	0	0	0	0	0	0
20117	铁鹞子	KillNpc	0	1250	87	大散关	2132	铁鹞子	24	0	0	0	10000	0	0	0	0	0	0	0
20118	西夏游兵	KillNpc	0	1250	87	大散关	2134	西夏游兵	24	0	0	0	10000	0	0	0	0	0	0	0
20119	漕帮舵手	KillNpc	0	1250	88	汉水古渡	2120	漕帮舵手	24	0	0	0	10000	0	0	0	0	0	0	0
20120	漕帮道领	KillNpc	0	1250	88	汉水古渡	2121	漕帮道领	24	0	0	0	10000	0	0	0	0	0	0	0
20121	襄阳官兵	KillNpc	0	1250	88	汉水古渡	2122	襄阳官兵	24	0	0	0	10000	0	0	0	0	0	0	0
20122	逃难文官	KillNpc	0	1250	89	寒山古刹	2126	逃难文官	24	0	0	0	10000	0	0	0	0	0	0	0
20123	逃难武官	KillNpc	0	1250	89	寒山古刹	2127	逃难武官	24	0	0	0	10000	0	0	0	0	0	0	0
20124	大宋禁军	KillNpc	0	1250	89	寒山古刹	2128	大宋禁军	24	0	0	0	10000	0	0	0	0	0	0	0
20125	响水死士	KillNpc	0	1250	90	浣花溪	2125	响水死士	24	0	0	0	10000	0	0	0	0	0	0	0
20126	吴家刀兵	KillNpc	0	1250	90	浣花溪	2124	吴家刀兵	24	0	0	0	10000	0	0	0	0	0	0	0
20127	吴家枪兵	KillNpc	0	1250	90	浣花溪	2123	吴家枪兵	24	0	0	0	10000	0	0	0	0	0	0	0
20128	乌蛮土兵	KillNpc	0	1250	91	洱海摩岩	2135	乌蛮土兵	24	0	0	0	10000	0	0	0	0	0	0	0
20129	乌蛮弓手	KillNpc	0	1250	91	洱海摩岩	2136	乌蛮弓手	24	0	0	0	10000	0	0	0	0	0	0	0
20130	乌蛮神巫	KillNpc	0	1250	91	洱海摩岩	2137	乌蛮神巫	24	0	0	0	10000	0	0	0	0	0	0	0
20131	漕帮帮众	KillNpc	0	1250	92	采石矶	2129	漕帮帮众	24	0	0	0	10000	0	0	0	0	0	0	0
20132	马帮武师	KillNpc	0	1250	92	采石矶	2131	马帮武师	24	0	0	0	10000	0	0	0	0	0	0	0
20133	临安守军	KillNpc	0	1250	92	采石矶	2130	临安守军	24	0	0	0	10000	0	0	0	0	0	0	0
20134	兽王猎手	KillNpc	0	1250	93	药王洞	2139	兽王猎手	24	0	0	0	0	10000	0	0	0	0	0	0
20135	兽王巡游	KillNpc	0	1250	93	药王洞	2140	兽王巡游	24	0	0	0	0	10000	0	0	0	0	0	0
20136	兽王祭司	KillNpc	0	1250	93	药王洞	2138	兽王祭司	24	0	0	0	0	10000	0	0	0	0	0	0
20137	横山鹰骑	KillNpc	0	1250	94	居延泽	2155	横山鹰骑	24	0	0	0	0	10000	0	0	0	0	0	0
20138	横山羌步兵	KillNpc	0	1250	94	居延泽	2153	横山羌步兵	24	0	0	0	0	10000	0	0	0	0	0	0
20139	横山虎骑	KillNpc	0	1250	94	居延泽	2154	横山虎骑	24	0	0	0	0	10000	0	0	0	0	0	0
20140	牛栏寨喽啰	KillNpc	0	1250	95	伏牛山	2141	牛栏寨喽啰	24	0	0	0	0	10000	0	0	0	0	0	0
20141	牛栏寨刀手	KillNpc	0	1250	95	伏牛山	2142	牛栏寨刀手	24	0	0	0	0	10000	0	0	0	0	0	0
20142	邪教男弟子	KillNpc	0	1250	95	伏牛山	2143	邪教男弟子	24	0	0	0	0	10000	0	0	0	0	0	0
20143	精骑兵	KillNpc	0	1250	96	虎丘剑池	2149	精骑兵	24	0	0	0	0	10000	0	0	0	0	0	0
20144	北营禁军	KillNpc	0	1250	96	虎丘剑池	2147	北营禁军	24	0	0	0	0	10000	0	0	0	0	0	0
20145	南营禁军	KillNpc	0	1250	96	虎丘剑池	2148	南营禁军	24	0	0	0	0	10000	0	0	0	0	0	0
20146	响水快刀手	KillNpc	0	1250	97	响水洞	2145	响水快刀手	24	0	0	0	0	10000	0	0	0	0	0	0
20147	响水神射手	KillNpc	0	1250	97	响水洞	2144	响水神射手	24	0	0	0	0	10000	0	0	0	0	0	0
20148	响水死士	KillNpc	0	1250	97	响水洞	2146	响水死士	24	0	0	0	0	10000	0	0	0	0	0	0
20149	乌布寨精兵	KillNpc	0	1250	98	点苍山	2156	乌布寨精兵	24	0	0	0	0	10000	0	0	0	0	0	0
20150	乌布寨巡守	KillNpc	0	1250	98	点苍山	2157	乌布寨巡守	24	0	0	0	0	10000	0	0	0	0	0	0
20151	黑水轻骑	KillNpc	0	1250	98	点苍山	2158	黑水轻骑	24	0	0	0	0	10000	0	0	0	0	0	0
20152	野马	KillNpc	0	1250	99	彭蠡古泽	2152	野马	24	0	0	0	0	10000	0	0	0	0	0	0
20153	野猴	KillNpc	0	1250	99	彭蠡古泽	2151	野猴	24	0	0	0	0	10000	0	0	0	0	0	0
20154	野鹿	KillNpc	0	1250	99	彭蠡古泽	2150	野鹿	24	0	0	0	0	10000	0	0	0	0	0	0
20155	猛安谋克军	KillNpc	0	1250	100	风陵渡	2159	猛安谋克军	24	0	0	0	0	0	10000	0	0	0	0	0
20157	马帮推手	KillNpc	0	1250	100	风陵渡	2161	马帮推手	24	0	0	0	0	0	10000	0	0	0	0	0
20158	漕帮舵手	KillNpc	0	1250	100	风陵渡	2160	漕帮舵手	24	0	0	0	0	0	10000	0	0	0	0	0
20159	神臂弓	KillNpc	0	1250	101	沙漠迷宫	2174	神臂弓	24	0	0	0	0	0	10000	0	0	0	0	0
20161	黑水快骑兵	KillNpc	0	1250	101	沙漠迷宫	2176	黑水快骑兵	24	0	0	0	0	0	10000	0	0	0	0	0
20162	马贼轻斧手	KillNpc	0	1250	101	沙漠迷宫	2175	马贼轻斧手	24	0	0	0	0	0	10000	0	0	0	0	0
20163	邪教卜师	KillNpc	0	1250	102	鸡冠洞	2164	邪教卜师	24	0	0	0	0	0	10000	0	0	0	0	0
20165	邪教男弟子	KillNpc	0	1250	102	鸡冠洞	2162	邪教男弟子	24	0	0	0	0	0	10000	0	0	0	0	0
20166	邪教女弟子	KillNpc	0	1250	102	鸡冠洞	2163	邪教女弟子	24	0	0	0	0	0	10000	0	0	0	0	0
20167	宋轻骑兵	KillNpc	0	1250	103	蜀岗山	2168	宋轻骑兵	24	0	0	0	0	0	10000	0	0	0	0	0
20169	宋军枪兵	KillNpc	0	1250	103	蜀岗山	2169	宋军枪兵	24	0	0	0	0	0	10000	0	0	0	0	0
20170	宋军弩手	KillNpc	0	1250	103	蜀岗山	2170	宋军弩手	24	0	0	0	0	0	10000	0	0	0	0	0
20171	男影	KillNpc	0	1250	104	剑阁蜀道	2166	男影	24	0	0	0	0	0	10000	0	0	0	0	0
20173	神行兵	KillNpc	0	1250	104	剑阁蜀道	2167	神行兵	24	0	0	0	0	0	10000	0	0	0	0	0
20174	女影	KillNpc	0	1250	104	剑阁蜀道	2165	女影	24	0	0	0	0	0	10000	0	0	0	0	0
20175	吐布卜师	KillNpc	0	1250	105	段氏皇陵	2178	吐布卜师	24	0	0	0	0	0	10000	0	0	0	0	0
20177	紫面武士	KillNpc	0	1250	105	段氏皇陵	2179	紫面武士	24	0	0	0	0	0	10000	0	0	0	0	0
20178	吐布族人	KillNpc	0	1250	105	段氏皇陵	2177	吐布族人	24	0	0	0	0	0	10000	0	0	0	0	0
20179	江湖剑客	KillNpc	0	1250	106	九嶷溪	2171	江湖剑客	24	0	0	0	0	0	10000	0	0	0	0	0
20181	江湖刀客	KillNpc	0	1250	106	九嶷溪	2172	江湖刀客	24	0	0	0	0	0	10000	0	0	0	0	0
20182	大内密探	KillNpc	0	1250	106	九嶷溪	2173	大内密探	24	0	0	0	0	0	10000	0	0	0	0	0
20183	大金禁卫军	KillNpc	0	1250	107	龙门石窟	2180	大金禁卫军	24	0	0	0	0	0	0	10000	0	0	0	0
20185	大金飞骑兵	KillNpc	0	1250	107	龙门石窟	2181	大金飞骑兵	24	0	0	0	0	0	0	10000	0	0	0	0
20186	影会帮众	KillNpc	0	1250	107	龙门石窟	2182	影会帮众	24	0	0	0	0	0	0	10000	0	0	0	0
20187	皇陵看守	KillNpc	0	1250	108	西夏皇陵	2195	皇陵看守	24	0	0	0	0	0	0	10000	0	0	0	0
20189	叛军刀手	KillNpc	0	1250	108	西夏皇陵	2196	叛军刀手	24	0	0	0	0	0	0	10000	0	0	0	0
20190	滚刀手	KillNpc	0	1250	108	西夏皇陵	2197	滚刀手	24	0	0	0	0	0	0	10000	0	0	0	0
20191	流亡刀兵	KillNpc	0	1250	109	黄鹤楼	2183	流亡刀兵	24	0	0	0	0	0	0	10000	0	0	0	0
20193	驻城守军	KillNpc	0	1250	109	黄鹤楼	2184	驻城守军	24	0	0	0	0	0	0	10000	0	0	0	0
20194	流寇	KillNpc	0	1250	109	黄鹤楼	2185	流寇	24	0	0	0	0	0	0	10000	0	0	0	0
20195	苦工	KillNpc	0	1250	110	荐菊洞	2190	苦工	24	0	0	0	0	0	0	10000	0	0	0	0
20197	北马帮众	KillNpc	0	1250	110	荐菊洞	2191	北马帮众	24	0	0	0	0	0	0	10000	0	0	0	0
20198	盐帮帮众	KillNpc	0	1250	110	荐菊洞	2189	盐帮帮众	24	0	0	0	0	0	0	10000	0	0	0	0
20199	剑门守军	KillNpc	0	1250	111	剑门关	2186	剑门守军	24	0	0	0	0	0	0	10000	0	0	0	0
20201	黑水云骑兵	KillNpc	0	1250	111	剑门关	2188	黑水云骑兵	24	0	0	0	0	0	0	10000	0	0	0	0
20202	护关铁骑兵	KillNpc	0	1250	111	剑门关	2187	护关铁骑兵	24	0	0	0	0	0	0	10000	0	0	0	0
20203	护寺僧兵	KillNpc	0	1250	112	天龙寺	2199	护寺僧兵	24	0	0	0	0	0	0	10000	0	0	0	0
20205	乌蛮勇士	KillNpc	0	1250	112	天龙寺	2200	乌蛮勇士	24	0	0	0	0	0	0	10000	0	0	0	0
20206	西夏骑兵	KillNpc	0	1250	112	天龙寺	2198	西夏骑兵	24	0	0	0	0	0	0	10000	0	0	0	0
20207	江南义士	KillNpc	0	1250	113	帮源秘洞	2192	江南义士	24	0	0	0	0	0	0	10000	0	0	0	0
20209	东南义士	KillNpc	0	1250	113	帮源秘洞	2193	东南义士	24	0	0	0	0	0	0	10000	0	0	0	0
20210	江北义士	KillNpc	0	1250	113	帮源秘洞	2194	江北义士	24	0	0	0	0	0	0	10000	0	0	0	0
20211	鞑靼追兵	KillNpc	0	1250	114	敕勒川	2253	鞑靼追兵	24	0	0	0	0	0	0	0	10000	10000	10000	10000
20212	金国骑兵	KillNpc	0	1250	114	敕勒川	2254	金国骑兵	24	0	0	0	0	0	0	0	10000	10000	10000	10000
20213	拖雷部骑兵	KillNpc	0	1250	114	敕勒川	2255	拖雷部骑兵	24	0	0	0	0	0	0	0	10000	10000	10000	10000
20214	大漠刀客	KillNpc	0	1250	114	敕勒川	2256	大漠刀客	24	0	0	0	0	0	0	0	10000	10000	10000	10000
20215	西夏军士	KillNpc	0	1250	115	嘉峪关	2257	西夏军士	24	0	0	0	0	0	0	0	10000	10000	10000	10000
20216	秘部士兵	KillNpc	0	1250	115	嘉峪关	2258	秘部士兵	24	0	0	0	0	0	0	0	10000	10000	10000	10000
20217	嘉峪关守军	KillNpc	0	1250	115	嘉峪关	2259	嘉峪关守军	24	0	0	0	0	0	0	0	10000	10000	10000	10000
20218	塞外嚎狼	KillNpc	0	1250	115	嘉峪关	2260	塞外嚎狼	24	0	0	0	0	0	0	0	10000	10000	10000	10000
20219	华山叶猴	KillNpc	0	1250	116	华山	2261	华山叶猴	24	0	0	0	0	0	0	0	10000	10000	10000	10000
20220	华山守军	KillNpc	0	1250	116	华山	2262	华山守军	24	0	0	0	0	0	0	0	10000	10000	10000	10000
20221	异人剑客	KillNpc	0	1250	116	华山	2263	异人剑客	24	0	0	0	0	0	0	0	10000	10000	10000	10000
20222	华山强贼	KillNpc	0	1250	116	华山	2264	华山强贼	24	0	0	0	0	0	0	0	10000	10000	10000	10000
20223	浮游散兵	KillNpc	0	1250	117	蜀岗秘境	2265	浮游散兵	24	0	0	0	0	0	0	0	10000	10000	10000	10000
20224	秘境矛手	KillNpc	0	1250	117	蜀岗秘境	2266	秘境矛手	24	0	0	0	0	0	0	0	10000	10000	10000	10000
20225	江湖郎中	KillNpc	0	1250	117	蜀岗秘境	2267	江湖郎中	24	0	0	0	0	0	0	0	10000	10000	10000	10000
20226	山猫	KillNpc	0	1250	117	蜀岗秘境	2268	山猫	24	0	0	0	0	0	0	0	10000	10000	10000	10000
20227	毒童子	KillNpc	0	1250	118	丰都鬼城	2269	毒童子	24	0	0	0	0	0	0	0	10000	10000	10000	10000
20228	鬼奴	KillNpc	0	1250	118	丰都鬼城	2270	鬼奴	24	0	0	0	0	0	0	0	10000	10000	10000	10000
20229	鬼使	KillNpc	0	1250	118	丰都鬼城	2271	鬼使	24	0	0	0	0	0	0	0	10000	10000	10000	10000
20230	埋骨兵	KillNpc	0	1250	118	丰都鬼城	2272	埋骨兵	24	0	0	0	0	0	0	0	10000	10000	10000	10000
20231	黑苗猎手	KillNpc	0	1250	119	苗岭	2273	黑苗猎手	24	0	0	0	0	0	0	0	10000	10000	10000	10000
20232	蛮女祭司	KillNpc	0	1250	119	苗岭	2274	蛮女祭司	24	0	0	0	0	0	0	0	10000	10000	10000	10000
20233	白苗猎手	KillNpc	0	1250	119	苗岭	2275	白苗猎手	24	0	0	0	0	0	0	0	10000	10000	10000	10000
20234	苗岭守军	KillNpc	0	1250	119	苗岭	2276	苗岭守军	24	0	0	0	0	0	0	0	10000	10000	10000	10000
20235	长歌门仕子	KillNpc	0	1250	120	武夷山	2277	长歌门仕子	24	0	0	0	0	0	0	0	10000	10000	10000	10000
20236	红衣喽罗	KillNpc	0	1250	120	武夷山	2278	红衣喽罗	24	0	0	0	0	0	0	0	10000	10000	10000	10000
20237	紫衣喽罗	KillNpc	0	1250	120	武夷山	2279	紫衣喽罗	24	0	0	0	0	0	0	0	10000	10000	10000	10000
20238	野生华南虎	KillNpc	0	1250	120	武夷山	2280	野生华南虎	24	0	0	0	0	0	0	0	10000	10000	10000	10000
20239	武陵山守军	KillNpc	0	1250	121	武陵山	2281	武陵山守军	24	0	0	0	0	0	0	0	10000	10000	10000	10000
20240	赤练王蛇	KillNpc	0	1250	121	武陵山	2282	赤练王蛇	24	0	0	0	0	0	0	0	10000	10000	10000	10000
20241	彪霸看守	KillNpc	0	1250	121	武陵山	2283	彪霸看守	24	0	0	0	0	0	0	0	10000	10000	10000	10000
20242	草鬼婆	KillNpc	0	1250	121	武陵山	2284	草鬼婆	24	0	0	0	0	0	0	0	10000	10000	10000	10000
