Id	Index	Class	Level	Desc	Value	Type	Param1	Param2	Effect
ID	细类id	奖励类别，1免费奖励，2收费奖励	获取等级	描述	价值量单位：元	物品类型	奖励1	奖励2	是否需要加高亮
1	1	1	10	鞋子	1	CustomEquip	25		
1	2	1	10	护身符	1	CustomEquip	26		
1	3	1	10	腰坠	2	CustomEquip	27		
1	4	1	10	腰带	1	CustomEquip	28		
1	5	1	10	福袋	20	Item	18,1,80,1,1	18,1,80,1,1	
1	6	1	10	绑银	5	BindMoney	10000		
2	1	1	15	戒指	2	CustomEquip	29		
2	3	1	15	帽子	2	CustomEquip	30		
2	4	1	15	福袋	20	Item	18,1,80,1,1	18,1,80,1,1	
2	5	1	15	银两钱袋	1	Item	18,1,1525,1,1	18,1,1525,1,1	
2	6	1	15	绑银	15	BindMoney	30000		
3	1	1	20	护身符	2	CustomEquip	85		
3	2	1	20	腰坠	2	CustomEquip	86		
3	3	1	20	福袋*2	40	Item	18,1,80,1,2	18,1,80,1,2	
3	4	1	20	菜-素竹炒肉*2	1	Item	19,3,1,1,2	19,3,1,1,2	
3	5	1	20	6格背包	10	Item	21,2,1,1,1	21,2,1,1,1	
3	6	1	20	绑银40000	20	BindMoney	40000		
3	7	1	20	新手回血丹·箱	5	Item	18,1,1791,1,1	18,1,1791,1,1	
4	1	1	25	戒指	2	CustomEquip	87		
4	2	1	25	项链	1	CustomEquip	88		
4	3	1	25	帽子	1	CustomEquip	89		
4	4	1	25	银两钱袋	1	Item	18,1,1525,1,1	18,1,1525,1,1	
4	5	1	25	福袋*2	40	Item	18,1,80,1,2	18,1,80,1,2	
4	6	1	25	绑银70000	35	BindMoney	70000		
4	7	1	25	无线传送符	40	Item	18,1,195,1,1,1,10080	18,1,195,1,1,1,10080	
5	1	1	30	武器	24	CustomEquip	81		
5	2	1	30	绑金1000	100	BindCoin	1000		
5	3	1	30	大白驹丸*2	35	Item	18,1,71,2,2	18,1,71,2,2	
5	4	1	30	银两钱袋	1	Item	18,1,1525,3,1	18,1,1525,3,1	
5	5	1	30	福袋*2	40	Item	18,1,80,1,2	18,1,80,1,2	
5	6	1	30	绑银100000	50	BindMoney	100000		
6	1	1	40	绑银120000	60	BindMoney	120000		
6	2	1	40	银两钱袋	4	Item	18,1,1525,4,1	18,1,1525,4,1	
6	3	1	40	大白驹丸*2	36	Item	18,1,71,2,2	18,1,71,2,2	
6	4	1	40	6级玄晶*2	140	Item	18,1,114,6,2	18,1,114,6,2	
6	5	1	40	情·红色挚爱	60	Item	18,1,1655,1,1	18,1,1655,1,1	
6	6	1	40	绑金1000	100	BindCoin	1000		
7	1	1	50	绑金2500	250	BindCoin	2500		
7	2	1	50	7级玄晶*1	230	Item	18,1,114,7,1	18,1,114,7,1	
7	3	1	50	7级玄晶优惠券*3	450	Item	18,1,394,1,3	18,1,394,1,3	
7	4	1	50	初级祈福令牌*1	190	Item	18,1,212,1,1	18,1,212,1,1	
7	5	1	50	乾坤符	20	Item	18,1,85,1,1	18,1,85,1,1	
7	6	1	50	银两钱袋	10	Item	18,1,1525,5,1	18,1,1525,5,1	
7	7	1	50	12格背包	70	Item	21,5,1,1,1	21,5,1,1,1	
7	8	2	50	防具+8优惠券	180	Item	18,1,1796,1,1	18,1,1796,1,1	7
7	9	2	50	绑金2500	250	BindCoin	2500		
8	1	1	60	武器	200	CustomEquip	40		
8	2	1	60	神秘缰绳（10天）	300	Item	18,1,1798,1,1,1,14400	18,1,1798,1,1,1,14400	
8	3	1	60	初级祈福令牌*2	380	Item	18,1,212,1,2	18,1,212,1,2	
8	4	1	60	武器+8优惠券	700	Item	18,1,1496,1,1	18,1,1496,1,1	7
8	5	1	60	绑金3000	300	BindCoin	3000		
8	6	2	60	秘境礼包*1	330	Item	18,1,1804,1,1,1,43200	18,1,1804,1,1,1,43200	
8	7	2	60	防具+12优惠券	2650	Item	18,1,1497,1,1	18,1,1497,1,1	8
8	8	2	60	绑金3000	300	BindCoin	3000		
9	1	1	70	武器	350	CustomEquip	90		
9	2	1	70	7级玄晶*2	450	Item	18,1,114,7,2	18,1,114,7,2	
9	3	1	70	绑金3000	300	BindCoin	3000		
9	4	1	70	7级玄晶优惠券*2	300	Item	18,1,394,1,2	18,1,394,1,2	
9	5	1	70	首饰+12优惠券	4000	Item	18,1,1797,1,1	18,1,1797,1,1	8
9	6	2	70	绑金3000	300	BindCoin	3000		
9	7	2	70	防具+14优惠券	5000	Item	18,1,1796,2,1	18,1,1796,2,1	9
10	1	1	80	赤兔（7天）	490	Item	1,12,10,4,1,1,10080	1,12,10,4,1,1,10080	
10	2	1	80	7级玄晶*2	450	Item	18,1,114,7,2	18,1,114,7,2	
10	3	1	80	7级玄晶优惠券*3	450	Item	18,1,394,1,3	18,1,394,1,3	
10	4	1	80	防具+14优惠券	4970	Item	18,1,1796,2,1	18,1,1796,2,1	9
10	5	1	80	随机面具	200	Item	18,1,1799,1,1,1,43200	18,1,1799,2,1,1,43200	
10	6	1	80	武器+13优惠券	13230	Item	18,1,1795,1,1	18,1,1795,1,1	9
10	7	1	80	首饰+14优惠券	7450	Item	18,1,1498,1,1	18,1,1498,1,1	9
10	8	1	80	武器	500	CustomEquip	60		
11	1	1	90	腰带	2320	CustomEquip	84		
11	2	1	90	9级玄晶优惠券*2	2000	Item	18,1,395,1,2	18,1,395,1,2	
11	3	1	90	初级祈福令牌*3	560	Item	18,1,212,1,3	18,1,212,1,3	
11	4	1	90	首饰+14优惠券	7450	Item	18,1,1498,1,1	18,1,1498,1,1	9
11	5	1	90	8级玄晶*2	1800	Item	18,1,114,8,2	18,1,114,8,2	
11	6	1	90	绑银360000	180	BindMoney	360000	360000	
12	1	1	95	百炼强身丸*3	240	Item	18,1,468,1,3	18,1,468,1,3	
12	2	1	95	中级祈福令牌*2	3000	Item	18,1,212,2,2	18,1,212,2,2	
12	3	1	95	8级玄晶*2	1800	Item	18,1,114,8,2	18,1,114,8,2	
12	4	1	95	绑银50W	250	BindMoney	500000		
13	1	1	100	9级玄晶*1	2880	Item	18,1,1,9,1	18,1,1,9,1	
13	2	1	100	穿珠银帖*2	200	Item	18,1,541,6,2	18,1,541,6,2	
13	3	1	100	游龙阁开心蛋（绑定）*1	200	Item	18,1,525,2,1	18,1,525,2,1	
13	4	1	100	高级阵法（7天）*1	3340	Item	18,1,1803,1,1,1,10080	18,1,1803,1,1,1,10080	
13	5	1	100	中级精魄*2	400	Item	18,1,544,6,2	18,1,544,6,2	
13	6	1	100	情·真爱永恒	600	Item	18,1,1659,1,1	18,1,1659,1,1	
13	7	1	100	吉祥虎（7天）	990	Item	1,12,27,4,1,1,10080	1,12,27,4,1,1,10080	
14	1	1	110	110级武学秘籍	680	Item	18,1,1837,1,1,1,43200	18,1,1837,1,1,1,43200	9
14	2	1	110	9级玄晶*1	2880	Item	18,1,1,9,1,1	18,1,1,9,1,1	
14	3	1	110	百炼强身丸*2	180	Item	18,1,468,1,2,1	18,1,468,1,2,1	
14	4	1	110	缘·心如海*1（30天）	1000	Item	1,1,101,2,1,1,43200	1,1,101,2,1,1,43200	
14	5	2	110	跟宠（7天）	990	Item	18,1,1838,1,1,1,10080	18,1,1838,1,1,1,10080	
14	6	2	110	绝世雪羽（3天）	1190	Item	1,12,63,4,1,1,4320	1,12,63,4,1,1,4320	
14	7	2	110	9级玄晶*1	2880	Item	18,1,1,9,1	18,1,1,9,1	
