NpcName	Class	NpcTemplateId	NpcType	NpcCamp	NpcLevel	NpcSeriesAuto	NpcSeriesMetal	NpcSeriesWood	NpcSeriesWater	NpcSeriesFire	NpcSeriesEarth	NpcTreasure	NpcDroprate	XPos	YPos	NpcPosFile	Removewhendeath	Quantity	ChangeColorScheme
南宫婉儿	0	1123	3	5	60	1	20	20	20	20	20	1		55776	106304		1		
甜酒叔	0	3561	3	5	60	1	20	20	20	20	20	1		46688	105408				
沈荷叶	0	3562	3	5	60	1	20	20	20	20	20	1		47264	106176				
郝漂靓	0	3563	3	5	60	1	20	20	20	20	20	1		47616	106528				
张斩经	0	3564	3	5	60	1	20	20	20	20	20	1		48448	104064				
不动先生	0	3565	3	5	60	1	20	20	20	20	20	1		48992	104320				
大老白	0	3566	3	5	60	1	20	20	20	20	20	1		50432	104832				
谢贤	0	3567	3	5	60	1	20	20	20	20	20	1		49952	106944				
张松涛	0	3568	3	5	60	1	20	20	20	20	20	1		47008	104768				
木良	0	3569	3	5	60	1	20	20	20	20	20	1		47872	104192				
包万同	0	3573	3	5	60	1	20	20	20	20	20	1		49408	105152				
公平子	0	2501	3	5	60	1	20	20	20	20	20	1		47936	107328				
冶炼大师	0	3574	3	5	60	1	20	20	20	20	20	1		49600	106752				2
礼官	0	2601	3	5	60	1	20	20	20	20	20	1		51232	104448				
叶芷琳	0	3576	3	5	60	1	20	20	20	20	20	1		45312	104992				
物品保管人	0	2599	3	5	60	1	20	20	20	20	20	1		46048	104320				
物品保管人	0	2599	3	5	60	1	20	20	20	20	20	1		46016	107232				
物品保管人	0	2599	3	5	60	1	20	20	20	20	20	1		51328	107104				
物品保管人	0	2599	3	5	60	1	20	20	20	20	20	1		52256	102432				
车夫	0	2597	3	5	60	1	20	20	20	20	20	1		45536	103808				
车夫	0	2597	3	5	60	1	20	20	20	20	20	1		46368	107872				
车夫	0	2597	3	5	60	1	20	20	20	20	20	1		50976	107456				
车夫	0	2597	3	5	60	1	20	20	20	20	20	1		51488	101856				
马贩	0	2605	3	5	60	1	20	20	20	20	20	1		52736	103008				
石鼓镇入口	0	2525	4	5	1	1	20	20	20	20	20	1		53600	111584				
大理段氏入口	0	2525	4	5	1	1	20	20	20	20	20	1		45760	112384				
洱海摩岩入口	0	2525	4	5	1	1	20	20	20	20	20	1		53536	99392				
点苍山入口	0	2525	4	5	1	1	20	20	20	20	20	1		43296	100992				
大理皇宫入口	0	2525	4	5	1	1	20	20	20	20	20	1		56672	105408				
许中流	0	545	3	5	60	1	20	20	20	20	20	1		53376	103360				
赵元靖	0	2607	3	5	60	1	20	20	20	20	20	1		52480	104704				
完颜隆旭	0	2608	3	5	60	1	20	20	20	20	20	1		50784	103232				
黄裳	0	2606	3	5	60	1	20	20	20	20	20	1		54272	105120				
细诺罗	0	550	3	5	60	1	20	20	20	20	20	1		51552	104800				
白虎堂护卫	0	2654	3	5	60	1	20	20	20	20	20	1		49600	103520				
云游僧人	0	2625	3	5	60	1	20	20	20	20	20	1		48256	101472				
义军军需官	0	2711	3	5	60	1	20	20	20	20	20	1		49472	105088				
to_shiguzhen	1															\setting\map\map_info\dalifu\trap\to_shiguzhen.txt			
to_daliduanshi	1															\setting\map\map_info\dalifu\trap\to_daliduanshi.txt			
to_erhaimoyan	1															\setting\map\map_info\dalifu\trap\to_erhaimoyan.txt			
to_diancangshan	1															\setting\map\map_info\dalifu\trap\to_diancangshan.txt			
to_huanggong	1															\setting\map\map_info\dalifu\trap\to_huanggong.txt			
谢满庭	0	1048	3	5	60	1	20	20	20	20	20	1		48224	109696				
被擒的刺客	0	1047	3	5	60	1	20	20	20	20	20	1		45024	106336				
马穿山	0	2955	3	5	60	1	20	20	20	20	20	1		52640	106112				
大壮	0	650	3	5	60	1	20	20	20	20	20	1		48032	104768				
6032	0	6032	5	5	1	1	20	20	20	20	20	1		51264	102048				
6034	0	6034	5	5	1	1	20	20	20	20	20	1		46272	108224				
6034	0	6034	5	5	1	1	20	20	20	20	20	1		51232	102112				
6036	0	6036	5	5	1	1	20	20	20	20	20	1		46208	108288				
6043	0	6043	5	5	1	1	20	20	20	20	20	1		50272	103616				
6044	0	6044	5	5	1	1	20	20	20	20	20	1		49344	105856				
6044	0	6044	5	5	1	1	20	20	20	20	20	1		51328	102592				
董正 	0	6058	5	5	1	1	20	20	20	20	20	1		49952	102592				
6059	0	6059	5	5	1	1	20	20	20	20	20	1		50240	105984				
6067	0	6067	5	5	1	1	20	20	20	20	20	1		51104	105600				
6068	0	6068	5	5	1	1	20	20	20	20	20	1		49760	105504				
6074	0	6074	5	5	1	1	20	20	20	20	20	1		52544	100544				
6089	0	6089	5	5	1	1	20	20	20	20	20	1		45728	107488				
6089	0	6089	5	5	1	1	20	20	20	20	20	1		51456	107584				
6089	0	6089	5	5	1	1	20	20	20	20	20	1		51776	106816				
小力	0	6092	5	5	1	1	20	20	20	20	20	1		48768	104032				
6095	0	6095	5	5	1	1	20	20	20	20	20	1		47584	102496				
晶晶	0	6098	5	5	1	1	20	20	20	20	20	1		53536	105568				
6099	0	6099	5	5	1	1	20	20	20	20	20	1		49152	107200				
6102	0	6102	5	5	1	1	20	20	20	20	20	1		49024	107200				
6104	0	6104	5	5	1	1	20	20	20	20	20	1		53600	105568				
6105	0	6105	5	5	1	1	20	20	20	20	20	1		53664	105664				
6107	0	6107	5	5	1	1	20	20	20	20	20	1		49120	106464				
6109	0	6109	5	5	1	1	20	20	20	20	20	1		49376	107392				
6111	0	6111	5	5	1	1	20	20	20	20	20	1		49088	107104				
6112	0	6112	5	5	1	1	20	20	20	20	20	1		49472	107424				
嫣然	0	6113	5	5	1	1	20	20	20	20	20	1		47776	108256				
6113	0	6113	5	5	1	1	20	20	20	20	20	1		51104	105824				
6114	0	6114	5	5	1	1	20	20	20	20	20	1		53568	105792				
6116	0	6116	5	5	1	1	20	20	20	20	20	1		44960	106400				
6116	0	6116	5	5	1	1	20	20	20	20	20	1		44832	106528				
6116	0	6116	5	5	1	1	20	20	20	20	20	1		51648	103904				
6116	0	6116	5	5	1	1	20	20	20	20	20	1		51776	103776				
6116	0	6116	5	5	1	1	20	20	20	20	20	1		51904	104000				
6116	0	6116	5	5	1	1	20	20	20	20	20	1		51808	104128				
6117	0	6117	5	5	1	1	20	20	20	20	20	1		56288	105696				
6117	0	6117	5	5	1	1	20	20	20	20	20	1		56416	105600				
6117	0	6117	5	5	1	1	20	20	20	20	20	1		56608	105824				
6117	0	6117	5	5	1	1	20	20	20	20	20	1		56448	105952				
6118	0	6118	5	5	1	1	20	20	20	20	20	1		45376	103680				
6118	0	6118	5	5	1	1	20	20	20	20	20	1		45152	104000				
6118	0	6118	5	5	1	1	20	20	20	20	20	1		45120	108416				
6118	0	6118	5	5	1	1	20	20	20	20	20	1		45344	108640				
6118	0	6118	5	5	1	1	20	20	20	20	20	1		51616	109056				
6118	0	6118	5	5	1	1	20	20	20	20	20	1		51904	101888				
6118	0	6118	5	5	1	1	20	20	20	20	20	1		52128	102144				
6118	0	6118	5	5	1	1	20	20	20	20	20	1		51840	108864				
6033	0	6033	5	5	1	1	20	20	20	20	20	1		45632	103904				
6033	0	6033	5	5	1	1	20	20	20	20	20	1		45696	103968				
6033	0	6033	5	5	1	1	20	20	20	20	20	1		51072	107360				
特产商人	0	2963	3	5	60	1	20	20	20	20	20	1		48416	105248		1		
商会老板	0	2965	3	5	60	1	20	20	20	20	20	1		47328	108896		1		
盛夏活动推广员	0	2992	3	5	60	1	20	20	20	20	20	1		49696	100864		1		
刑部捕头	0	2994	3	5	60	1	20	20	20	20	20	1		53184	105248				
初级武林联赛官员	0	3384	3	5	60	1	20	20	20	20	20	1		45504	106368				
高级武林联赛官员	0	3385	3	5	60	1	20	20	20	20	20	1		55040	106432				
李锦才	0	3602	3	5	60	1	20	20	20	20	20	1		47808	105568				
拍卖师	0	2758	3	5	60	1	20	20	20	20	20	1		47840	109344				
孟德	0	4411	3	5	150	1	20	20	20	20	20	1		51520	103840				
杨忠仁	0	4417	3	5	150	1	20	20	20	20	20	1		49792	102688				
马帅	0	4418	3	5	150	1	20	20	20	20	20	1		51968	103648				
菜贩	0	4419	3	5	150	1	20	20	20	20	20	1		50336	107584				
秀才	0	4421	3	5	150	1	20	20	20	20	20	1		48672	103936				
雇工	0	4423	3	5	150	1	20	20	20	20	20	1		46624	106528				
崔太医	0	4380	3	5	150	1	20	20	20	20	20	1		54816	104832				
领土战官员	0	3406	3	5	60	1	20	20	20	20	20	1		44992	107200				
小希	0	5062	3	5	125	1	20	20	20	20	20	1		50848	102048				
阿力	0	5078	3	5	125	1	20	20	20	20	20	1		50784	101952				
帮会联盟使	0	3679	3	5	60	1	20	20	20	20	20	1		55744	107104				
圣诞老人	0	3468	3	6	1	1	20	20	20	20	20	1		0	0				
铁浮城远征军	0	6839	5	5	1	1	20	20	20	20	20	1		44320	106080				
修木泽	0	6863	3	5	1	1	20	20	20	20	20	1		44320	105632				
张绝之	0	7137	3	5	60	1	20	20	20	20	20	1		44384	106080				
铁浮城远征军	0	6839	5	5	1	1	20	20	20	20	20	1		44384	105984				
