Id	StartDate	EndDate	Desc
1346	20080909	20080916	月桂花糖(活动配方)
1347	20080909	20080916	莲子冰皮(活动配方)
1348	20080909	20080916	中秋月饼(活动配方)
1359	20091222	20100105	小雪块（活动配方）
1360	20091222	20100105	小雪块（活动配方）
1361	20091222	20100105	小雪块（活动配方）
1362	20091222	20100105	小雪块（活动配方）
1363	20091222	20100105	小雪块（活动配方）
1364	20091222	20100105	雪花（活动配方）
1365	20091222	20100105	雪花（活动配方）
1366	20091222	20100105	雪花（活动配方）
1367	20091222	20100105	雪花（活动配方）
1368	20091222	20100105	雪花（活动配方）
1542	20090331	20090407	糯米粉（活动配方）
1543	20090331	20090407	糯米粉（活动配方）
1544	20090331	20090407	糯米粉（活动配方）
1545	20090331	20090407	糯米粉（活动配方）
1546	20090331	20090407	糯米粉（活动配方）
1547	20090331	20090407	糖豆沙（活动配方）
1548	20090331	20090407	糖豆沙（活动配方）
1549	20090331	20090407	糖豆沙（活动配方）
1550	20090331	20090407	糖豆沙（活动配方）
1551	20090331	20090407	糖豆沙（活动配方）
1552	20090331	20090407	青团（活动配方）
1553	20090331	20090407	青团（活动配方）
1554	20090331	20090407	青团（活动配方）
1555	20090331	20090407	青团（活动配方）
1556	20090331	20090407	青团（活动配方）
1573	20090526	20090626	云杉木板（活动）
1574	20090526	20090626	云杉木板（活动）
1575	20090526	20090626	云杉木板（活动）
1576	20090526	20090626	云杉木板（活动）
1587	20090526	20090626	云杉木板（活动）
1588	20090526	20090626	粗铁钉（活动）
1589	20090526	20090626	粗铁钉（活动）
1590	20090526	20090626	粗铁钉（活动）
1591	20090526	20090626	粗铁钉（活动）
1592	20090526	20090626	粗铁钉（活动）
1593	20090526	20090626	上品桐油（活动）
1594	20090526	20090626	上品桐油（活动）
1595	20090526	20090626	上品桐油（活动）
1596	20090526	20090626	上品桐油（活动）
1597	20090526	20090626	上品桐油（活动）
1598	20090526	20090626	龙舟原型（活动）
1599	20090526	20090626	龙舟原型（活动）
1600	20090526	20090626	龙舟原型（活动）
1601	20090526	20090626	龙舟原型（活动）
1602	20090526	20090626	龙舟原型（活动）
1557	20090501	20090714	神秘贝壳
1558	20090501	20090714	神秘贝壳
1559	20090501	20090714	神秘贝壳
1560	20090501	20090714	神秘贝壳
1561	20090501	20090714	神秘贝壳
1562	20090501	20090714	金贝壳
1563	20090501	20090714	金贝壳
1564	20090501	20090714	金贝壳
1565	20090501	20090714	金贝壳
1566	20090501	20090714	金贝壳
1577	20090501	20090714	神秘贝壳·箱
1578	20090501	20090714	神秘贝壳·箱
1579	20090501	20090714	神秘贝壳·箱
1580	20090501	20090714	神秘贝壳·箱
1581	20090501	20090714	神秘贝壳·箱
1582	20090501	20090714	金贝壳·箱
1583	20090501	20090714	金贝壳·箱
1584	20090501	20090714	金贝壳·箱
1585	20090501	20090714	金贝壳·箱
1586	20090501	20090714	金贝壳·箱
1673	20090825	20090901	花（七夕活动）
1674	20090825	20090901	花（七夕活动）
1675	20090825	20090901	花（七夕活动）
1676	20090825	20090901	花（七夕活动）
1677	20090825	20090901	花（七夕活动）
1678	20090825	20090901	酒（七夕活动）
1679	20090825	20090901	酒（七夕活动）
1680	20090825	20090901	酒（七夕活动）
1681	20090825	20090901	酒（七夕活动）
1682	20090825	20090901	酒（七夕活动）
1683	20090825	20090901	诗（七夕活动）
1684	20090825	20090901	诗（七夕活动）
1685	20090825	20090901	诗（七夕活动）
1686	20090825	20090901	诗（七夕活动）
1687	20090825	20090901	诗（七夕活动）
1688	20090825	20090901	剑（七夕活动）
1689	20090825	20090901	剑（七夕活动）
1690	20090825	20090901	剑（七夕活动）
1691	20090825	20090901	剑（七夕活动）
1692	20090825	20090901	剑（七夕活动）
1693	20090825	20090901	花与酒（七夕活动）
1694	20090825	20090901	花与酒（七夕活动）
1695	20090825	20090901	花与酒（七夕活动）
1696	20090825	20090901	花与酒（七夕活动）
1697	20090825	20090901	花与酒（七夕活动）
1698	20090825	20090901	诗与剑（七夕活动）
1699	20090825	20090901	诗与剑（七夕活动）
1700	20090825	20090901	诗与剑（七夕活动）
1701	20090825	20090901	诗与剑（七夕活动）
1702	20090825	20090901	诗与剑（七夕活动）
1717	20091009	20190901	未雕琢的月影石(家族竞技)
1718	20091009	20190901	未雕琢的月影石(家族竞技)
1719	20091009	20190901	未雕琢的月影石(家族竞技)
1720	20091009	20190901	未雕琢的月影石(家族竞技)
1721	20091009	20190901	未雕琢的月影石(家族竞技)
1722	20091009	20190901	月影之石（家族竞技）
1723	20091009	20190901	月影之石（家族竞技）
1724	20091009	20190901	月影之石（家族竞技）
1725	20091009	20190901	月影之石（家族竞技）
1726	20091009	20190901	月影之石（家族竞技）
1737	20110203	20110218	2011年春节活动
1738	20110203	20110218	2011年春节活动
1739	20110203	20110218	2011年春节活动
1740	20110203	20110218	2011年春节活动
1741	20110203	20110218	2011年春节活动
1742	20110203	20110218	2011年春节活动
1743	20110203	20110218	2011年春节活动
1744	20110203	20110218	2011年春节活动
1745	20110203	20110218	2011年春节活动
1746	20110203	20110218	2011年春节活动
1567	0	0	秘境残片
1568	0	0	秘境残片
1569	0	0	秘境残片
1570	0	0	秘境残片
1571	0	0	秘境残片
1572	0	0	秘境地图
1767	20120205	20120208	2012春节汤圆制作
1768	20120205	20120208	2012春节汤圆制作
1769	20120205	20120208	2012春节汤圆制作
1770	20120205	20120208	2012春节汤圆制作
1771	20120205	20120208	2012春节汤圆制作
1772	20120205	20120208	2012春节汤圆制作
1773	20120205	20120208	2012春节汤圆制作
1774	20120205	20120208	2012春节汤圆制作
1775	20120205	20120208	2012春节汤圆制作
1776	20120205	20120208	2012春节汤圆制作
