WareId	WareName	WareType	nGenre	nDetailType	nParticular	nLevel	nSeries	nCurrencyType	nUseType	nOrgPrice	nWareUseStyle	nDiscount	nRecommend	timeSaleStart	timeSaleClose	DiscountStart	DiscountClose	dwTimeout	nTimeFrameStartSale	nTimeFrameEndSale	Consumed	nHonor	nBind
1	白驹丸	101	18	1	71	1	1	0		36								43200			100		
2	大白驹丸	101	18	1	71	2	1	0		180								43200			100		
3	强效白驹丸	101	18	1	71	3	1	0		540								43200			100		
4	金条(大)	102	18	1	118	2	1	0		10000								43200			0		
5	小块玄晶碎片（1级玄晶）	107	18	1	1	1	1	0		1								43200			0		
6	小块玄晶残片（3级玄晶）	107	18	1	1	3	1	0		15								43200			0		
7	未雕琢的玄晶（5级玄晶）	107	18	1	1	5	1	0		175								43200			0		
8	普通的玄晶（7级玄晶）	107	18	1	1	7	1	0		2240								43200			0		
9	金条	102	18	1	118	1	1	0		1000								43200			0		
10	酒箱（5瓶）	101	18	1	189	1	1	0		30								43200			0		
11	酒箱（50瓶）	101	18	1	189	2	1	0		300								43200			0		
12	无限传送符（1周）	102	18	1	195	1	1	0	1	400								10080			0		
13	无限传送符（1月）	102	18	1	235	1	1	0	1	1500								43200			0		
18	无限回城符（1周）	102	18	1	23	1	1	0	1	200								10080			0		
19	无限回城符（1月）	102	18	1	234	1	1	0	1	750								43200			0		
22	乾坤符（10次）	102	18	1	85	1	1	0		200								43200			0		
24	家族召唤令牌	102	18	1	87	1	1	0		1000								43200			0		
25	摆摊许可证	102	18	1	116	1	1	0		8								43200			100		
26	九转续命丸	106	18	1	24	1	1	0		50								43200			100		
27	刑部令牌	103	18	1	17	1	1	0		200								43200			100		
28	慈悲心经	103	18	1	18	1	1	0		200								43200			100		
29	空白的心得书（初级）	101	20	1	463	1	1	0		20								43200			100		
30	空白的心得书（中级）	101	20	1	464	1	1	0		60								43200			100		
31	空白的心得书（高级）	101	20	1	465	1	1	0		180								43200			100		
32	金犀（4级）	103	18	1	2	4	1	0		6000								43200			0		
33	金犀（3级）	103	18	1	2	3	1	0		600								43200			0		
35	洗髓岛令牌	103	18	1	79	1	1	0		200								43200			100		
36	马牌（大宛马）	106	1	12	15	2	1	0	1	120								43200			0		
37	马牌（乌骓）	106	1	12	16	2	1	0	1	120								43200			0		
38	移民许可资格	102	18	1	117	1	1	0		200								43200			0		
40	精气散（回500）	103	18	1	89	1	1	0		40								43200			0		
41	精气散（回1000）	103	18	1	89	2	1	0		120								43200			0		
42	精气散（回1500）	103	18	1	89	3	1	0		215								43200			0		
43	活气散（回500）	103	18	1	90	1	1	0		40								43200			0		
44	活气散（回1000）	103	18	1	90	2	1	0		120								43200			0		
45	活气散（回1500）	103	18	1	90	3	1	0		215								43200			0		
46	天眼符	102	18	1	206	1	1	0		500								43200			0		
47	福利精气包（回500）	103	18	1	207	1	1	0		80								43200			0		
48	福利活气包（回500）	103	18	1	208	1	1	0		80								43200			0		
49	初级祈福令牌	108	18	1	212	1	1	0		1880								43200			100		
50	中级祈福令牌	108	18	1	212	2	1	0		14880								43200			100		
51	无瑕的玄晶（9级玄晶）	107	18	1	1	9	1	0		28800								43200			0		
52	特效白驹丸	101	18	1	71	4	1	0		1480								43200			100		
53	九转续命丸（自动使用）	106	18	1	218	1	1	0		50	2							43200			100		
54	神秘缰绳	106	18	1	237	1	0	0	1	3000								43200		100000	100		
55	武林秘籍（中级）	106	18	1	191	2	0	0		4500								43200	67	100000	100		
56	洗髓经（中级）	106	18	1	192	2	0	0		4500								43200	67	100000	100		
57	义军令牌	108	18	1	84	1	0	0		8								43200			100		
58	门派竞技高级令牌	108	18	1	81	3	0	0		300								43200			100		
59	白虎堂高级令牌	108	18	1	111	3	0	0		100								43200			100		
60	家族令牌（高级）	108	18	1	110	3	0	0		200								43200			100		
61	战场令牌（扬州）	108	18	1	112	1	0	0		20								43200			100		
62	战场令牌（凤翔）	108	18	1	112	2	0	0		20								43200			100		
63	高级勾魂玉	103	18	1	146	3	0	0		12000								43200	81	100000	10		
64	江湖威望令牌	108	18	1	236	1	0	0		1000								43200			100		
65	易马符	106	18	1	238	1	0	0		288				2008-11-4 0:00	2008-12-4 0:00	2008-11-4 0:00	2008-12-4 0:00	43200			100		
66	魂石箱（100个）	107	18	1	244	1	0	0		800								43200			0		
67	魂石箱（1000个）	107	18	1	244	2	0	0		8000								43200			0		
68	秘境地图	101	18	1	251	1	0	0		1200								43200			16		
69	20周年庆典包	102	18	1	256	1	0	0		500				2008-12-9 0:00	2008-12-16 0:00	2008-12-9 0:00	2008-12-16 0:00	43200			100		
70	高级祈福令牌	108	18	1	212	3	1	0		58800								43200			100		
71	圣诞礼盒	102	18	1	270	1	1	0		288				2009-12-22 0:00	2010-1-5 0:00			43200			0		
72	圣诞糖果	102	18	1	271	1	1	0		99				2010-1-5 0:00	2010-2-5 0:00			43200			0		
73	帮会银锭（小）	102	18	1	284	1	1	0		1000								43200			100		
74	帮会银锭（大）	102	18	1	284	2	1	0		10000								43200			100		
75	帮会奖金令牌	102	18	1	340	1	0	0		5000								43200			100		
76	玫瑰花	103	18	1	373	1	0	0		100				2012-3-5 0:00	2012-3-31 0:00			43200			100		
77	夜明珠·箱	107	18	1	382	1	0	0		12000								43200	200	100000	0		
78	玫瑰花篮	103	18	1	383	1	0	0		9900				2012-3-5 0:00	2012-3-31 0:00			43200			0		
79	万物归元丹	106	18	1	384	1	0	0		7200								43200			100		
80	灵芝续命丸·箱	106	18	1	241	1	0	0		600								43200			0		
81	雪参返气丸·箱	106	18	1	242	1	0	0		600								43200			0		
82	瑶池大还丹·箱	106	18	1	243	1	0	0		600								43200			0		
83	义军补给包	108	18	1	341	1	0	0		120								43200	74	100000	100		
84	武林联赛黑铁令牌	108	18	1	215	1	0	0		2000								43200	180	100000	100		
85	武林联赛黄金令牌	108	18	1	215	4	0	0		10000								43200	180	100000	100		
86	百步穿杨弓	108	18	1	263	1	0	0		150								43200	43	100000	100		
87	秦陵·摸金符	108	18	1	366	1	0	0		200								43200	200	100000	100		
88	八宝粽	106	18	1	326	2	0	0		8000								43200	87	100000	100		
89	什锦百果棕	106	18	1	326	3	0	0		8000								43200	87	100000	100		
90	游龙阁开心蛋	102	18	1	525	2	0	0		200								43200			100		1
91	百步穿杨弓(50倍)	108	18	1	376	1	0	0		7500								43200	43	100000	100		
92	秦陵·摸金符（50倍）	108	18	1	375	1	0	0		10000								43200	200	100000	100		
93	大马三宝箱	102	18	1	388	1	0	0		831				2009-8-1 0:00	2009-8-10 0:00			43200					
94	古木宝箱	102	18	1	389	1	0	0		500				2009-8-1 0:00	2009-8-10 0:00			43200					
95	百炼强身丸	106	18	1	468	1	0	0		780								43200			100		
96	义军补给包（50倍）	108	18	1	469	1	0	0		6000								43200	74	100000	100		
97	义军令牌（50倍）	108	18	1	470	1	0	0		400								43200			100		
98	民族大团圆卡	102	18	1	402	1	0	0		100				2009-9-21 0:00	2009-10-11 0:00			1440			100		
99	英雄帖	102	18	1	471	1	0	0		500				2009-9-21 3:35	2009-9-28 0:00			43200			100		
100	辅修令	103	18	1	479	1	0	0		10000								43200	80	100000	100		
101	秘境地图套装	101	18	1	489	1	0	0		3300		75	1			2008-11-20 0:00	2018-11-20 0:00	43200					
102	秘境地图套装（大）	101	18	1	489	2	0	0		7200		62	1			2008-11-20 0:00	2018-11-20 0:00	43200					
103	跨服绑银	102	18	1	490	1	0	0		500								43200			100		
104	修炼丹	101	18	1	258	1	0	0		1800								43200			100		
105	秦陵·和氏璧	108	18	1	377	1	0	0		10000								43200	200	100000	100		
106	月影原石	107	22	1	91	2	0	0		75								43200	89	100000			
109	月影原石·箱	107	18	1	530	1	0	0		7000								43200	89	100000			
107	防具强15改造符	107	18	3	1	15	0	0		1000								43200	89	100000	100		
108	首饰强15改造符	107	18	3	2	15	0	0		1500								43200	89	100000	100		
110	游龙阁声望令交换凭证	103	18	1	534	1	0	0		20000								43200	89	100000	100		
111	新年礼物	102	18	1	551	1	0	0		499				2010-2-2 0:00	2010-2-24 0:00			43200			100		
112	初级武林高手令（金）	108	18	1	219	1	0	0		1200								43200			100		
113	初级武林高手令（木）	108	18	1	222	1	0	0		1200								43200			100		
114	初级武林高手令（水）	108	18	1	225	1	0	0		1200								43200			100		
115	初级武林高手令（火）	108	18	1	228	1	0	0		1200								43200			100		
116	初级武林高手令（土）	108	18	1	231	1	0	0		1200								43200			100		
207	铜钥匙	103	18	1	77	1	1	0		30								43200			100		
208	银钥匙	103	18	1	82	1	1	0		60								43200			100		
209	金钥匙	103	18	1	187	1	1	0		100								43200			100		
210	传声海螺（小）	102	18	1	113	1	1	0		50		20	1			2008-11-20 0:00	2018-11-20 0:00	43200			100		
211	传声海螺（中）	102	18	1	113	2	1	0		450								43200			100		
212	传声海螺（大）	102	18	1	113	3	1	0		2000								43200			100		
213	[面具]圣诞老人	115	1	13	44	1	0	0		5000								43200			100		
214	[面具]圣诞少女	115	1	13	45	1	0	0		5000								43200			100		
215	辉煌徽章	102	18	1	921	1	0	0		125								43200			100		
216	千里传音	102	18	1	924	1	0	0		499								43200			100		
217	千里传音（大）	102	18	1	925	1	0	0		2499								43200			100		
218	陈年树种	102	18	1	295	1	0	0		165				2010-4-28 0:00	2010-5-18 0:00			43200			165		
219	[面具]方行觉	115	1	13	48	1	0	0		5000								43200			100		
220	[面具]纤云手	115	1	13	49	1	0	0		5000								43200			100		
221	储物箱扩展令牌Lv2	106	18	1	216	2	0	0		7900								43200			100		
222	神秘缰绳[90级马]	106	18	1	638	1	0	0		820								43200					
223	120级马牌	106	1	12	33	4	0	0		6888								43200					
224	升级套餐礼包	101	18	1	639	1	0	0		3700		54	1			2010-4-20 0:00	2020-3-23 0:00	43200		30	100		
225	强化套餐礼包	107	18	1	640	1	0	0		2500								43200			100		
226	声望套餐礼包	108	18	1	641	1	0	0		8380		82	1			2010-4-20 0:00	2020-3-23 0:00	43200		30	100		
227	煤	102	18	1	951	1	0	0		70				2010-6-9 0:00	2010-7-1 0:00			43200					
228	树种	102	18	1	953	1	0	0		30				2010-6-9 0:00	2010-7-1 0:00			43200					
229	玄真丹	102	18	1	956	1	0	0		12800								43200					
230	煤（小）·箱	102	18	1	961	1	0	0		700				2010-6-9 0:00	2010-7-1 0:00			43200					
231	煤（大）·箱	102	18	1	961	2	0	0		7000				2010-6-9 0:00	2010-7-1 0:00			43200					
232	情花花篮（10朵）	114	18	1	606	1	0	0		500								43200			0		
233	情花花篮（100朵）	114	18	1	605	1	0	0		5000								43200			0		
234	情花花篮（1000朵）	114	18	1	607	1	0	0		50000								43200			0		
235	武林大会英雄令牌	108	18	1	667	1	0	0		21888								43200			100		
236	玄武福袋	102	18	1	618	1	0	0		200								43200					
237	白虎福袋	102	18	1	619	1	0	0		200								43200					
238	紫真丹	102	18	1	956	2	0	0		2500								43200					
239	血真丹	102	18	1	956	3	0	0		6500								43200					
240	马牌（赤兔）	106	1	12	34	4	0	0		3000								43200					
241	马牌（奔霄）	106	1	12	35	4	0	0		6500								43200					
242	天山寒酒	102	18	1	984	1	0	0		4800				2010-8-1 0:00	2010-8-30 0:00			43200					
243	2010盛夏纪念徽章	108	18	1	669	1	0	0		7000								43200			100		
244	黄金智慧精华（2级）	102	18	1	672	1	0	0		100								43200					
245	秦陵·和氏璧	108	18	1	673	1	0	0		8000								43200			100		
246	相思石	102	18	1	974	1	0	0		59				2010-8-10 0:00	2010-8-22 0:00			43200					
247	空白的心得书	101	18	1	668	1	0	0		20								43200					
248	玉笛谁家听落梅	102	19	3	1	7	0	0		59								43200					
249	鸡蛋	102	18	1	681	1	0	0		200								43200					
250	食品袋子	102	18	1	684	1	0	0		100								43200					
251	树木种子	102	18	1	686	1	0	0		30								43200					
252	黄金材料	102	18	1	1029	1	0	0		150								43200					
253	胜利果（初级）	102	18	1	1035	1	0	0		150								43200					
254	胜利果（中级）	102	18	1	1035	2	0	0		150								43200					
255	胜利果（高级）	102	18	1	1035	3	0	0		150								43200					
256	玫瑰花	102	18	1	1037	1	0	0		100				2010-10-12 0:00	2010-11-1 0:00			43200			0		
257	金珠玉翠	102	18	1	1023	1	0	0		100				2010-10-12 0:00	2010-10-27 0:00			43200			0		
258	玫瑰花篮	102	18	1	1042	1	0	0		10000				2010-10-12 0:00	2010-11-1 0:00			43200			0		
259	金珠玉翠包	102	18	1	1041	1	0	0		10000				2010-10-12 0:00	2010-10-27 0:00			43200			0		
260	特殊毛笔	102	18	1	1054	1	0	0		100				2010-10-12 0:00	2010-10-27 0:00			43200			0		
261	白虎堂传召令	102	18	1	1060	1	0	0		800				2010-10-12 0:00	2010-10-27 0:00			43200			0		
262	白玉	108	18	1	717	1	0	0		7500								43200			100		
263	火柴	102	18	1	1089	1	0	0		50				2010-12-13 0:00	2011-1-13 0:00			43200			0		
264	酒壶	102	18	1	1095	1	0	0		50				2010-12-13 0:00	2011-1-13 0:00			43200			0		
265	上等桃酒	102	18	1	1098	1	0	0		200				2010-12-13 0:00	2011-1-13 0:00			43200			0		
267	鹅肉	102	18	1	1079	1	0	0		150				2010-12-13 0:00	2011-1-13 0:00			43200			0		
268	寒武魂珠	102	18	1	510	1	0	0		100				2010-12-21 0:00	2011-1-12 0:00			43200	29	100000	100		
269	锅子	102	18	1	1121	1	0	0		100				2011-1-20 0:00	2011-2-21 0:00			43200			100		
270	火柴	102	18	1	1125	1	0	0		50				2011-1-20 0:00	2011-2-21 0:00			43200			100		
271	黄金果盘	102	18	1	1124	1	0	0		150				2011-1-20 0:00	2011-2-21 0:00			43200			100		
272	7级玄晶套餐	107	18	1	1155	1	0	0		2366								43200			100		
273	7级玄晶套餐	107	18	1	1155	2	0	0		1690								43200			100		
274	魂石箱（100)套餐	107	18	1	1156	1	0	0		1120								43200			100		
275	魂石箱（100)套餐	107	18	1	1156	2	0	0		800								43200			100		
276	魂石箱（1000)套餐	107	18	1	1157	1	0	0		10920								43200			100		
277	魂石箱（1000)套餐	107	18	1	1157	2	0	0		7800								43200			100		
278	活动袋子	102	18	1	1137	1	0	0		200								43200			100		
279	巾帼英雄赛纪念[24格]	106	18	1	724	1	0	0		50000								43200			100		
280	雪魂	106	1	12	41	4	0	0		9900								43200			100		
281	精气散·箱	103	18	1	1172	1	0	0		240								43200			100		
282	活气散·箱	103	18	1	1173	1	0	0		240								43200			100		
283	辅修令牌·箱	103	18	1	1174	1	0	0		3000								43200			100		
284	赤兔马·箱	106	18	1	1175	1	0	0		1200								43200			100		
285	雪魂令	108	18	1	727	1	0	0		6000								43200			100		
286	希望之种	102	18	1	1197	1	0	0		100				2011-3-10 0:00	2011-3-17 0:00			43200	29	100000	100		
287	第四页储物箱	106	18	1	730	1	0	0		50000								43200			100		
288	极品真元箱	106	18	1	739	1	0	0		180000								43200			100		
289	雷霆印碎片	108	18	1	742	1	0	0		240000								43200			100		
290	龙年大吉外装礼包	115	18	1	1641	1	0	0		2888				2012-1-16 0:00	2021-2-21 0:00			43200			100		
301	白驹丸	101	18	1	71	1	1	2		36								43200					
302	大白驹丸	101	18	1	71	2	1	2		180								43200					
303	强效白驹丸	101	18	1	71	3	1	2		540								43200					
305	小块玄晶碎片（1级玄晶）	107	18	1	1	1	1	2		1								43200					
306	小块玄晶残片（3级玄晶）	107	18	1	1	3	1	2		15								43200					
307	未雕琢的玄晶（5级玄晶）	107	18	1	1	5	1	2		175								43200					
308	普通的玄晶（7级玄晶）	107	18	1	1	7	1	2		2240								43200					
309	无限传送符（1周）	102	18	1	195	1	1	2	1	400								10080					
310	无限传送符（1月）	102	18	1	195	1	1	2	1	1500								43200					
315	无限回城符（1周）	102	18	1	23	1	1	2	1	200								10080					
316	无限回城符（1月）	102	18	1	23	1	1	2	1	750								43200					
319	乾坤符（10次）	102	18	1	85	1	1	2		200								43200					
322	九转续命丸	106	18	1	24	1	1	2		50								43200					
325	金犀（4级）	103	18	1	2	4	1	2		6000								43200					
326	金犀（3级）	103	18	1	2	3	1	2		600								43200					
328	洗髓岛令牌	103	18	1	79	1	1	2		200								43200					
329	马牌（大宛马）	106	1	12	15	2	1	2	1	120								43200					
330	马牌（乌骓）	106	1	12	16	2	1	2	1	120								43200					
331	无限军营令牌（1月）	102	20	1	607	1	1	2		200								43200					
332	初级祈福令牌	108	18	1	212	1	1	2		1880								43200					
333	中级祈福令牌	108	18	1	212	2	1	2		14880								43200					
334	无瑕的玄晶（9级玄晶）	107	18	1	1	9	1	2		28800								43200	53	100000			
335	特效白驹丸	101	18	1	71	4	1	2		1480								43200					
336	神秘缰绳	106	18	1	237	1	0	2	1	3000								43200		100000			
337	武林秘籍（中级）	106	18	1	191	2	0	2		4500								43200	67	100000			
338	洗髓经（中级）	106	18	1	192	2	0	2		4500								43200	67	100000			
339	义军令牌	108	18	1	84	1	0	2		8								43200					
340	门派竞技高级令牌	108	18	1	81	3	0	2		300								43200					
341	白虎堂高级令牌	108	18	1	111	3	0	2		100								43200					
342	家族令牌（高级）	108	18	1	110	3	0	2		200								43200					
343	战场令牌（扬州）	108	18	1	112	1	0	2		20								43200					
344	战场令牌（凤翔）	108	18	1	112	2	0	2		20								43200					
345	易马符	102	18	1	238	1	0	2		288				2008-11-4 0:00	2008-12-4 0:00	2008-11-4 0:00	2008-12-4 0:00	43200					
346	魂石箱（100个）	107	18	1	244	1	0	2		800								43200					
347	魂石箱（1000个）	107	18	1	244	2	0	2		8000								43200					
348	高级祈福令牌	108	18	1	212	3	1	2		58800								43200					
349	西山银锭	102	18	1	260	1	1	0		500	2							43200			100		
350	西山银锭(大)	102	18	1	260	2	1	0		5000	2							43200			100		
351	西山金锭	102	18	1	261	1	1	0		500	2							43200			100		
352	西山金锭(大)	102	18	1	261	2	1	0		5000	2							43200			100		
353	铜钥匙	103	18	1	77	1	1	2		30								43200					
354	银钥匙	103	18	1	82	1	1	2		60								43200					
355	金钥匙	103	18	1	187	1	1	2		100								43200					
356	传声海螺（小）	102	18	1	113	1	1	2		50		20	1			2008-11-20 0:00	2018-11-20 0:00	43200					
357	传声海螺（中）	102	18	1	113	2	1	2		450								43200					
358	传声海螺（大）	102	18	1	113	3	1	2		2000								43200					
359	3折大白驹丸	107	18	1	348	1	1	0		54								43200			100		
360	3折乾坤符	102	18	1	349	1	1	0		60								43200			100		
361	3折7级玄晶	107	18	1	350	7	1	0		672								43200			100		
362	3折9级玄晶	107	18	1	350	9	1	0		8640								43200			100		
363	夜明珠·箱	107	18	1	382	1	0	2		12000								43200	200	100000			
364	万物归元丹	106	18	1	384	1	0	2		7200								43200					
365	灵芝续命丸·箱	106	18	1	241	1	0	2		600								43200					
366	雪参返气丸·箱	106	18	1	242	1	0	2		600								43200					
367	瑶池大还丹·箱	106	18	1	243	1	0	2		600								43200					
368	义军补给包	108	18	1	341	1	0	2		120								43200	74	100000			
369	武林联赛黑铁令牌	108	18	1	215	1	0	2		2000								43200	180	100000			
370	武林联赛黄金令牌	108	18	1	215	4	0	2		10000								43200	180	100000			
371	百步穿杨弓	108	18	1	263	1	0	2		150								43200	43	100000			
372	秦陵·摸金符	108	18	1	366	1	0	2		200								43200	200	100000			
373	高级武林高手令（金）	108	18	1	221	3	0	0		500								43200			100		
374	高级武林高手令（木）	108	18	1	224	3	0	0		500								43200			100		
375	高级武林高手令（水）	108	18	1	227	3	0	0		500								43200			100		
376	高级武林高手令（火）	108	18	1	230	3	0	0		500								43200			100		
377	高级武林高手令（土）	108	18	1	233	3	0	0		500								43200			100		
378	八宝粽	106	18	1	326	2	0	2		8000								43200	87	100000			
379	什锦百果棕	106	18	1	326	3	0	2		8000								43200	87	100000			
380	秦陵·和氏璧	108	18	1	356	1	0	0		8000								43200			100		
381	百步穿杨弓（50倍）	108	18	1	376	1	0	2		7500								43200	43	100000			
382	秦陵·摸金符（50倍）	108	18	1	375	1	0	2		10000								43200	200	100000			
383	5折帮会银锭（大）	102	18	1	399	2	1	0		5000								43200			100		
384	百炼强身丸	106	18	1	468	1	0	2		780								43200					
385	义军补给包（50倍）	108	18	1	469	1	0	2		6000								43200	74	100000			
386	义军令牌（50倍）	108	18	1	470	1	0	2		400								43200					
387	辅修令	102	18	1	479	1	0	2		10000								43200	80	100000			
388	修炼丹	101	18	1	258	1	0	2		1800								43200			100		
389	冰矶玉莲	102	18	1	648	1	0	0		30000								43200			100		
390	名宿心得	102	18	1	649	1	0	0		99								43200			100		
391	修炼丹礼包	101	18	1	650	1	0	0		5400		33	1			2010-6-1 0:00	2020-6-1 0:00	43200			33		
392	大祈福令牌礼包	108	18	1	651	1	0	0		117600		50	1			2010-6-1 0:00	2020-6-1 0:00	43200			50		
393	7级玄晶礼包	107	18	1	652	1	0	0		4480		50	1			2010-6-1 0:00	2020-6-1 0:00	43200			50		
394	9级玄晶礼包	107	18	1	653	1	0	0		57600		50	1			2010-6-1 0:00	2020-6-1 0:00	43200			50		
395	小魂石箱礼包	107	18	1	654	1	0	0		1600		53	1			2010-6-1 0:00	2020-6-1 0:00	43200			0		
396	大魂石箱礼包	107	18	1	655	1	0	0		16000		53	1			2010-6-1 0:00	2020-6-1 0:00	43200			0		
397	特效白驹丸礼包	101	18	1	656	1	0	0		14800		50	1			2010-6-1 0:00	2020-6-1 0:00	43200			50		
398	雪灵石	102	18	1	962	1	0	0		99								43200			100		
399	军团绑银（1000金币面额）	102	18	1	964	1	0	0		1000	2							43200			100		
400	军团绑银（10000金币面额）	102	18	1	965	1	0	0		10000	2							43200			100		
401	雪灵石	102	18	1	962	1	0	2		99								43200			100		
402	任务发布平台消耗物品	102	18	1	993	1	0	0		1	2							43200			100		
403	任务发布平台消耗物品	102	18	1	993	2	0	0		10	2							43200			100		
404	任务发布平台消耗物品	102	18	1	993	3	0	0		100	2							43200			100		
405	任务发布平台消耗物品	102	18	1	993	4	0	0		1000	2							43200			100		
406	储物箱扩展令牌Lv2	106	18	1	216	2	0	2		7900								43200			100		
407	晶龙福袋	102	18	1	1048	1	0	0		200								43200					
408	令牌福袋	102	18	1	1049	1	0	0		200								43200					
409	金银福袋	102	18	1	1050	1	0	0		200								43200					
410	华夏福袋	102	18	1	1051	1	0	0		200								43200					
411	高级秘籍宝箱	102	18	1	1052	1	0	0		200								43200					
412	玄天福袋	102	18	1	1092	1	0	0		200								43200					
413	宝银福袋	102	18	1	1093	1	0	0		200								43200					
414	扬州福袋	102	18	1	1094	1	0	0		200								43200					
415	经验任务点数令牌（5点）	102	18	1	1117	1	0	0		5								43200			100		
416	经验任务点数令牌（10点）	102	18	1	1117	2	0	0		10								43200			100		
417	经验任务点数令牌（100点）	102	18	1	1117	3	0	0		100								43200			100		
418	新年福袋	102	18	1	1118	3	0	0		100								43200					
419	九龙福袋	102	18	1	1118	4	0	0		200								43200					
420	神州福袋	102	18	1	1118	5	0	0		200								43200					
421	千叠福袋	102	18	1	1170	1	0	0		200								43200					
422	同伴福袋	102	18	1	1170	2	0	0		200								43200					
423	如意福袋	102	18	1	1170	3	0	0		200								43200					
424	叶子	102	18	1	1212	1	0	0		150				2011-4-11 0:00	2011-4-29 0:00			43200			100		
425	凌云福袋	102	18	1	1249	8	0	0		200								43200					
426	孤星福袋	102	18	1	1249	9	0	0		200								43200					
427	战神福袋	102	18	1	1249	10	0	0		200								43200					
428	武神福袋	102	18	1	1249	11	0	0		200								43200					
429	干粮	102	18	1	1263	1	0	0		100				2011-5-2 0:00	2011-5-27 0:00			43200			100		
430	旗杆	102	18	1	1269	1	0	0		100				2011-5-2 0:00	2011-5-27 0:00			43200			100		
431	百步穿杨弓x50	108	18	1	1280	1	0	0		5000								43200			100		
432	秦陵·摸金符x50	108	18	1	1279	1	0	0		5000								43200			100		
433	秦陵·和氏璧	108	18	1	1278	1	0	0		7000								43200			100		
434	三修令牌	102	18	1	1274	1	0	0		100								43200			100		
435	雪魂福袋（占位）	102	18	1	1283	1	0	0		200								43200					
436	5级玄晶礼包	107	18	1	1287	1	0	0		360		50	1			2011-5-1 0:00	2020-8-30 0:00	43200			100		
437	5级玄晶大礼包	107	18	1	1288	1	0	0		3850		46	1			2011-5-1 0:00	2020-8-30 0:00	43200			100		
438	7级玄晶大礼包	107	18	1	1289	1	0	0		49280		45	1			2011-5-1 0:00	2020-8-30 0:00	43200			100		
439	VIP邀请者升级消费道具	0	18	1	1291	2	0	0		70000	2							43200			100		
440	VIP邀请者买装备礼包	0	18	1	1291	3	0	0		35000	2							43200			100		
441	周年庆福袋（占位）	102	18	1	1298	2	0	0		200								43200					
442	百宝锦囊	102	18	1	1303	1	0	0		150								43200					
443	周年庆绿叶	102	18	1	1330	1	0	0		100								43200			100		
444	解玉锤	107	18	1	1312	1	0	0		190								43200	89	100000			
445	跨服绑银（大）	102	18	1	490	2	0	0		50000								43200			100		
446	真元历练丸	106	18	1	1350	1	0	0		500								43200	89	100000	100		
447	月影矿石	107	22	1	106	1	0	0		6900								43200	89	100000			
448	4折精气散（小）x5	0	18	1	1361	1	0	0		80								43200					
449	4折活气散（小）x5	0	18	1	1361	2	0	0		80								43200					
450	同伴亲密度1天符（马来占位）	102	18	1	1353	1	0	0		400								43200					
451	同伴亲密度7天符	102	18	1	1353	2	0	0		4000								43200					
452	同伴亲密度30天符	102	18	1	1353	3	0	0		40000								43200					
453	同伴亲密度1天符（马来占位）	102	18	1	1354	1	0	0		500								43200					
454	同伴亲密度7天符	102	18	1	1354	2	0	0		5000								43200					
455	同伴亲密度30天符	102	18	1	1354	3	0	0		50000								43200					
456	同伴亲密度1天符（马来占位）	102	18	1	1355	1	0	0		600								43200					
457	同伴亲密度7天符	102	18	1	1355	2	0	0		6000								43200					
458	同伴亲密度30天符	102	18	1	1355	3	0	0		60000								43200					
459	面具福袋（占位）	102	18	1	1363	1	0	0		200								43200					
460	[面具]绝世冠（台湾版占位）	115	1	13	66	10	0	0		8000								43200					
461	[面具]君临冕	115	1	13	67	10	0	0		7000								43200					
462	角色转移资格证	102	18	1	1364	1	0	0		5000								43200					
463	神仙绳	102	18	1	1364	2	0	0		5000								43200					
464	马来物品占位	102	18	1	1477	1	0	0		200								43200					
465	马来	102	18	1	1478	1	0	0		200								43200					
466	马来	102	18	1	1479	1	0	0		200								43200					
467	寒武勇士祝福卡	102	18	1	1469	1	0	0		100								43200	29	100000	100		
468	马来物品占位	102	18	1	1477	2	0	0		200								43200					
469	马来	102	18	1	1477	3	0	0		200								43200					
470	马来	102	18	1	1477	4	0	0		200								43200					
471	马来物品占位	102	18	1	1478	2	0	0		200								43200					
472	马来	102	18	1	1478	3	0	0		200								43200					
473	马来	102	18	1	1478	4	0	0		200								43200					
474	马来物品占位	102	18	1	1479	2	0	0		200								43200					
475	马来	102	18	1	1479	3	0	0		200								43200					
476	马来	102	18	1	1479	4	0	0		200								43200					
477	雪魂福袋（占位）	102	18	1	1499	1	0	0		200								43200					
478	雪魂福袋（占位）	102	18	1	1500	1	0	0		200								43200					
479	雪魂福袋（占位）	102	18	1	1501	1	0	0		200								43200					
480	雪魂福袋（占位）	102	18	1	1502	1	0	0		200								43200					
481	雪魂福袋（占位）	102	18	1	1503	1	0	0		200								43200					
482	雪魂福袋（占位）	102	18	1	1504	1	0	0		200								43200					
483	雪魂福袋（占位）	102	18	1	1505	1	0	0		200								43200					
484	雪魂福袋（占位）	102	18	1	1506	1	0	0		200								43200					
492	[面具]金毛狮王（月）（占位）	115	1	13	148	10	0	0		6000								43200					
493	[面具]金毛狮王（周）	115	1	13	149	10	0	0		1500								10080					
494	[面具]碧血银枪（月）	115	1	13	150	10	0	0		6000								43200					
495	[面具]碧血银枪（周）	115	1	13	151	10	0	0		1500								10080					
496	[面具]梨涡浅笑（月）	115	1	13	152	10	0	0		6000								43200					
497	[面具]梨涡浅笑（周）	115	1	13	153	10	0	0		1500								10080					
498	[面具]君临冕（3天）	115	1	13	154	10	0	0		600								4320					
499	[面具]君临冕（14天）	115	1	13	155	10	0	0		2700								20160					
500	[面具]绝世冠（3天）	115	1	13	156	10	0	0		450								4320					
501	[面具]绝世冠（14）	115	1	13	157	10	0	0		2000								20160					
502	倾城倾国	102	18	1	1284	5	0	0		3000								43200					
503	国色天香	102	18	1	1284	4	0	0		3000								43200					
504	颖之藻仪	102	18	1	1284	3	0	0		3000								43200					
505	燕语莺啼	102	18	1	1284	2	0	0		1000								43200					
506	龙驹凤雏	102	18	1	1284	11	0	0		3000								43200					
507	碧血丹心	102	18	1	1284	12	0	0		3000								43200					
508	乱世英雄	102	18	1	1284	10	0	0		2000								43200					
509	盖世英雄	102	18	1	1284	9	0	0		1000								43200					
510	独胆英雄	102	18	1	1284	8	0	0		1000								43200					
511	草莽英雄	102	18	1	1284	6	0	0		1000								43200					
512	无名英雄	102	18	1	1284	7	0	0		1000								43200					
513	闲云野鹤	102	18	1	1284	1	0	0		1000								43200					
514	[面具]机关人（周）	115	1	13	158	10	0	0		1200								43200					
515	[面具]机关人（月）	115	1	13	159	10	0	0		5000								43200					
516	VIP邀请者买1级装备礼包（台湾占位）	0	18	1	1494	1	0	0		3000	2							43200			100		
517	VIP邀请者买2级装备礼包	0	18	1	1494	2	0	0		7000	2							43200			100		
518	VIP邀请者买3级装备礼包	0	18	1	1494	3	0	0		15000	2							43200			100		
519	3折精气散（回1500）	103	18	1	1518	1	0	0		65								43200			100		
520	3折活气散（回1500）	103	18	1	1519	1	0	0		65								43200			100		
521	家族召唤BOSS令牌	0	18	1	1520	1	0	0		300								10080					
522	闲云野鹤	109	18	1	1284	1	0	3		1000								43200			0		1
523	燕语莺啼	109	18	1	1284	2	0	3		5000								43200			0		1
524	颖之藻仪	109	18	1	1284	3	0	3		50000								43200			0		1
525	国色天香	109	18	1	1284	4	0	3		800000								43200			0	8	1
526	倾城倾国	109	18	1	1284	5	0	3		800000								43200			0	8	1
527	草莽英雄	109	18	1	1284	6	0	3		2000								43200			0		1
528	无名英雄	109	18	1	1284	7	0	3		3000								43200			0		1
529	独胆英雄	109	18	1	1284	8	0	3		5000								43200			0		1
530	盖世英雄	109	18	1	1284	9	0	3		10000								43200			0		1
531	乱世英雄	109	18	1	1284	10	0	3		50000								43200			0		1
532	龙驹凤雏	109	18	1	1284	11	0	3		800000								43200			0	8	1
533	碧血丹心	109	18	1	1284	12	0	3		800000								43200			0	8	1
534	快乐的小男孩	110	1	13	3	1	0	3		2000								43200			0		0
535	快乐的小女孩	110	1	13	4	1	0	3		2000								43200			0		0
536	二丫	110	1	13	17	1	0	3		3000								43200			0		0
537	宝果子	110	1	13	16	1	0	3		3000								43200			0		0
538	新年侠客	110	1	13	18	1	0	3		8000								43200			0		0
539	新年侠女	110	1	13	19	1	0	3		8000								43200			0		0
540	窦昊	110	1	13	145	1	0	3		20000								43200			0		0
541	倾世	110	1	13	146	1	0	3		20000								43200			0		0
542	唐伯虎	110	1	13	140	1	0	3		50000								43200			0		0
543	秋香	110	1	13	141	1	0	3		50000								43200			0		0
544	沃德卡普	110	1	13	142	1	0	3		800000								86400			0	8	0
545	财神爷	110	1	13	143	1	0	3		800000								86400			0	8	0
546	秦始皇	110	1	13	144	1	0	3		800000								86400			0	8	0
547	赤兔·箱	111	18	1	1285	1	0	3		200000								43200			0	3	0
548	吉祥虎·箱	111	18	1	1285	2	0	3		500000								43200			0	3	0
549	雪魂·箱	111	18	1	1285	3	0	3		2000000								43200			0	3	0
550	蓝麒麟·箱	111	18	1	1285	4	0	3		5000000								43200			0	8	0
551	忆赟·箱	111	18	1	1285	5	0	3		6000000								43200			0	9	0
552	火麒麟·箱	111	18	1	1285	6	0	3		8000000								43200			0	9	0
553	8级20%装备	111	18	1	1202	1	0	3		200000								43200			0		1
554	9级20%装备	111	18	1	1203	1	0	3		500000								43200			0		1
555	10级20%装备	111	18	1	1204	1	0	3		800000								43200			0		1
556	10级4%装备	111	18	1	1209	1	0	3		2000000								43200			0		1
557	五级玄晶	113	18	1	114	5	0	3		10000		60				2011-12-1 0:00	2020-8-30 0:00	43200	20	100000	0	1	1
558	六级玄晶	113	18	1	114	6	0	3		35000		60				2011-12-1 0:00	2020-8-30 0:00	43200	30	100000	0	1	1
559	七级玄晶	113	18	1	114	7	0	3		119000		60				2011-12-1 0:00	2020-8-30 0:00	43200	60	100000	0	2	1
560	八级玄晶	113	18	1	114	8	0	3		415000		60				2011-12-1 0:00	2020-8-30 0:00	43200	90	100000	0	3	1
561	九级玄晶	113	18	1	114	9	0	3		1440000		60				2011-12-1 0:00	2020-8-30 0:00	43200	150	100000	0	6	1
562	十级玄晶	113	18	1	114	10	0	3		1000000								43200			0		1
563	游龙古币（100）	113	18	1	1286	1	0	3		150000								43200			0	2	1
564	魂石箱（500）	113	18	1	244	3	0	3		50000								43200			0	2	1
565	装备传承符	113	18	1	1198	1	0	3		20000								43200			0	2	1
566	装备重铸符	113	18	1	1199	1	0	3		10000								43200			0	2	1
567	真爱之羽	110	1	25	40	1	0	3		1000000								86400			0	8	0
568	真爱之羽	110	1	25	41	1	0	3		1000000								86400			0	8	0
569	真爱之羽	110	1	25	40	1	0	3		125000								10080			0	8	0
570	真爱之羽	110	1	25	41	1	0	3		125000								10080			0	8	0
571	限量美女鼠标垫	112	18	1	1290	1	0	3		600000								43200			0	6	1
572	限量美女抱枕	112	18	1	1290	2	0	3		1200000								43200			0	6	1
573	3级普通宝石箱	102	18	1	1552	1	0	0		200								43200					
574	4级普通宝石箱	102	18	1	1553	1	0	0		200								43200					
575	5级普通宝石箱	102	18	1	1554	1	0	0		200								43200					
576	3级特殊宝石箱	102	18	1	1555	1	0	0		200								43200					
577	4级特殊宝石箱	102	18	1	1556	1	0	0		200								43200					
578	5级特殊宝石箱	102	18	1	1557	1	0	0		200								43200					
579	新年福袋	102	18	1	1558	1	0	0		200								43200					
580	转转乐福袋	102	18	1	1559	1	0	0		200								43200					
581	雷霆印碎片	111	18	1	741	1	0	3		1000000								0			0		1
582	雷霆印	111	1	16	14	2	0	3		8000000								0	150	100000	0	9	1
583	[面具]圣诞男孩和小熊（蓝）	115	1	13	164	10	0	0		1888				2011-12-20 0:00	2021-3-17 0:00			43200					
584	[面具]圣诞萝莉和小熊（蓝）	115	1	13	165	10	0	0		1888				2011-12-20 0:00	2021-3-17 0:00			43200					
585	[面具]圣诞男孩和雪人（红）	115	1	13	166	10	0	0		1888				2011-12-20 0:00	2021-3-17 0:00			43200					
586	[面具]圣诞萝莉和雪人（红）	115	1	13	167	10	0	0		1888				2011-12-20 0:00	2021-3-17 0:00			43200					
587	[面具]圣诞男孩和小熊（紫）	115	1	13	168	10	0	0		1888				2011-12-20 0:00	2021-3-17 0:00			43200					
588	[面具]圣诞萝莉和小熊（紫）	115	1	13	169	10	0	0		1888				2011-12-20 0:00	2021-3-17 0:00			43200					
589	新年祈愿卡	0	18	1	1633	1	0	0		100				2012-1-15 0:00	2012-1-31 0:00			10080					
590	霸蝶之羽	110	1	26	38	1	0	3		500000								86400				7	0
591	妖精之羽	110	1	26	39	1	0	3		500000								86400				7	0
592	炽炎之羽	110	1	26	40	1	0	3		1000000								86400				8	0
593	精灵之羽	110	1	26	41	1	0	3		1000000								86400				8	0
594	霸蝶之羽	110	1	26	38	1	0	3		62500								10080				7	0
595	妖精之羽	110	1	26	39	1	0	3		62500								10080				7	0
596	炽炎之羽	110	1	26	40	1	0	3		125000								10080				8	0
597	精灵之羽	110	1	26	41	1	0	3		125000								10080				8	0
598	[面具]圣诞男孩和小熊（红）	102	1	13	170	10	0	0		1888								43200					
599	[面具]圣诞萝莉和小熊（红）	102	1	13	171	10	0	0		1888								43200					
600	台湾福袋_占位	102	18	1	1640	1	0	0		200								43200					
601	情·红色挚爱	114	18	1	1655	1	0	0		599		50		2012-2-14 0:00	2021-3-17 0:00	2012-2-14 0:00	2012-2-19 0:00	43200			100		
602	情·情深似海	114	18	1	1656	1	0	0		1999		50		2012-2-14 0:00	2021-3-17 0:00	2012-2-14 0:00	2012-2-19 0:00	43200			100		
603	情·蓝色妖姬	114	18	1	1657	1	0	0		1199		50		2012-2-14 0:00	2021-3-17 0:00	2012-2-14 0:00	2012-2-19 0:00	43200			100		
604	情·倾国倾城	114	18	1	1658	1	0	0		3999		50		2012-2-14 0:00	2021-3-17 0:00	2012-2-14 0:00	2012-2-19 0:00	43200			100		
605	情·真爱永恒	114	18	1	1659	1	0	0		5999		50		2012-2-14 0:00	2021-3-17 0:00	2012-2-14 0:00	2012-2-19 0:00	43200			100		
606	缘·一见钟情	114	1	1	101	1	0	0		1999				2012-2-14 0:00	2021-3-17 0:00			43200			100		
607	缘·心如海	114	1	1	101	2	0	0		9999				2012-2-14 0:00	2021-3-17 0:00			43200			100		
608	台湾福袋_占位	102	18	1	1664	1	0	0		200								43200					
609	玫瑰精灵召唤符	103	18	1	1663	2	0	0		999				2012-3-5 0:00	2012-3-31 0:00			43200					
610	2折魂石箱（1000个）	107	18	1	1696	2	0	0		1600								43200					1
611	海洋之心碎片	103	18	1	1708	1	0	0		2999				2012-5-1 0:00	2022-5-31 0:00			43200	16	100000	100		
612	游龙阁金锭	102	18	1	527	2	0	0		200								43200			100		1
613	游龙阁开心蛋（1折）	102	18	1	525	3	0	0		10								43200			100		1
614	小葫芦	103	18	1	1728	1	0	0		10								43200					
615	小葫芦·箱	103	18	1	1728	2	0	0		1000								43200					
616	莲子粽	103	18	1	1743	1	0	0		30								43200			100		
617	西域龙魂福袋占位	102	18	1	1739	1	0	0		200								43200					
618	胜利果(小)	102	18	1	1731	1	0	0		100				2012-6-25 0:00	2022-7-31 0:00			43200			100		
619	胜利果(大)	102	18	1	1731	2	0	0		300				2012-6-25 0:00	2022-7-31 0:00			43200			100		
620	升级道具	102	18	1	1731	3	0	0		500				2012-6-25 0:00	2022-7-31 0:00			43200			100		
621	橄榄枝	103	18	1	1770	1	0	0		20				2012-7-24 0:00	2022-8-13 0:00			43200			100		
622	橄榄束·箱	103	18	1	1771	2	0	0		2000				2012-7-24 0:00	2022-8-13 0:00			43200					
623	武林大会小声望令	103	18	1	1772	1	1	0		660								43200			0		
624	情·玫瑰花语	114	18	1	1786	1	0	0		9999		50		2012-2-14 0:00	2021-3-17 0:00	2012-2-14 0:00	2012-2-19 0:00	43200			100		
625	解心玉	103	18	1	1779	1	0	0		10				2012-8-20 0:00	2012-8-28 0:00			43200			0		
626	燕小楼	111	18	1	666	11	0	3		8000000								43200	150	100000	0	9	1
627	吉祥灯笼_付费	103	18	1	1812	1	0	0		100								1440			0		1
628	火柴_付费	103	18	1	1813	1	0	0		100								1440			0		1
629	中秋·水晶月饼_付费	103	18	1	1814	1	0	0		100								1440			0		1
630	欢度国庆纪念礼包	103	18	1	1821	1	0	0		500								10080			0		1
631	【新·剑侠世界】豪华礼包	103	18	1	1840	1	0	0		28880		10		2012-12-7 0:00	2022-8-28 0:00	2012-12-7 0:00	2022-8-28 0:00	43200		31	0		
632	限量3D美女鼠标垫·小龙女	112	18	1	1847	1	0	3		600000								43200			0	6	1
633	限量美女抱枕·小龙女	112	18	1	1847	2	0	3		1200000								43200			0	6	1
634	三生石	103	18	1	1871	1	0	0		38800				2012-12-18 0:00	2022-12-18 0:00			43200			100		
635	圣诞铃铛	103	18	1	1880	1	0	0		10				2012-12-18 0:00	2013-1-4 0:00			43200					
636	圣诞铃铛·箱	103	18	1	1906	1	0	0		500				2012-12-18 0:00	2013-1-4 0:00			43200					
637	充值票号·188元	103	18	1	1905	1	0	0		5199				2012-7-24 0:00	2022-8-13 0:00			43200					
638	圣诞套装	115	18	1	1879	2	0	0		2888				2012-12-18 0:00	2022-12-18 0:00			43200			100		
