MapId	TemplateId	PosX	PosY	bName
1	9831	43392	98560	
1	9831	45408	96992	
1	9831	45216	98816	
1	9831	44288	98656	
1	9831	44480	101312	
1	9831	46048	98144	
1	9831	46112	99968	
1	9831	46336	101408	
1	9831	48096	102752	
1	9831	49408	100960	
1	9831	50912	100160	
1	9831	49344	104416	
2	9831	54752	116160	
2	9831	53760	108672	
2	9831	54080	117088	
2	9831	56576	111456	
2	9831	56704	113920	
2	9831	58144	110368	
2	9831	58208	115936	
2	9831	58784	114144	
2	9831	59424	111648	
2	9831	60064	116320	
2	9831	55936	113440	
2	9831	56224	116320	
2	9831	56992	115168	
2	9831	57792	113696	
3	9831	50144	101184	
3	9831	48160	104128	
3	9831	49312	102240	
3	9831	49536	103712	
3	9831	51392	101792	
3	9831	51968	104992	
3	9831	53600	102656	
3	9831	53984	106976	
3	9831	54592	104288	
3	9831	50368	104064	
3	9831	51040	102848	
3	9831	51840	101024	
3	9831	54464	101344	
4	9831	49696	106272	
4	9831	49216	102176	
4	9831	49568	104416	
4	9831	50368	98432	
4	9831	50496	101888	
4	9831	50720	105856	
4	9831	51072	107232	
4	9831	51456	103968	
4	9831	51776	99392	
4	9831	51936	106432	
4	9831	52224	101248	
4	9831	55392	102368	
4	9831	50720	104096	
4	9831	51488	102976	
4	9831	51776	105056	
4	9831	52224	103744	
4	9831	52800	102432	
5	9831	50272	99456	
5	9831	51456	98688	
5	9831	51264	101056	
5	9831	48448	97216	
5	9831	49792	100640	
5	9831	50528	100352	
5	9831	50848	97312	
5	9831	52096	99680	
5	9831	52672	100896	
5	9831	54112	98944	
5	9831	51904	95552	
5	9831	52096	100192	
6	9831	47040	101344	
6	9831	49536	100032	
6	9831	45376	99456	
6	9831	47072	105152	
6	9831	47168	98624	
6	9831	47552	103456	
6	9831	48000	98016	
6	9831	48416	97728	
6	9831	48640	100416	
6	9831	49632	97280	
6	9831	49408	104480	
6	9831	49792	102720	
6	9831	50464	104160	
6	9831	51200	101536	
6	9831	52512	97824	
6	9831	52768	100800	
6	9831	54592	96096	
6	9831	49792	98816	
6	9831	50848	98432	
6	9831	51872	99200	
7	9831	48224	104192	
7	9831	49248	102944	
7	9831	45504	109248	
7	9831	47232	105664	
7	9831	47712	101088	
7	9831	48416	107968	
7	9831	48928	105984	
7	9831	49344	101056	
7	9831	49184	107296	
7	9831	49696	108832	
7	9831	50656	105504	
7	9831	49184	105120	
7	9831	50080	103776	
7	9831	50816	107712	
8	9831	54208	106816	
8	9831	54400	104864	
8	9831	51488	107616	
8	9831	52704	103968	
8	9831	52320	105216	
8	9831	52576	108384	
8	9831	53408	106368	
8	9831	53632	108736	
8	9831	53664	109792	
8	9831	54400	110848	
8	9831	55680	105952	
8	9831	55552	109344	
8	9831	55296	110720	
8	9831	56224	110048	
8	9831	56928	108480	
8	9831	58208	108864	
8	9831	54272	108416	
8	9831	55072	108576	
8	9831	55296	107328	
23	9831	46784	100544	
23	9831	48608	95808	
23	9831	49568	99072	
23	9831	49600	103136	
23	9831	50144	95232	
23	9831	50624	98176	
23	9831	47168	102080	
23	9831	47840	97632	
23	9831	48096	99584	
23	9831	48064	102176	
23	9831	48800	98912	
23	9831	49472	101024	
23	9831	50240	101440	
23	9831	50240	104384	
23	9831	51328	103456	
23	9831	51904	100672	
23	9831	50336	99904	
23	9831	51168	99104	
23	9831	51424	100224	
23	9831	51904	97184	
23	9831	52608	101920	
23	9831	52800	98464	
24	9831	54560	113056	
24	9831	55072	114848	
24	9831	56032	108896	
24	9831	50176	110944	
24	9831	50816	112416	
24	9831	52480	109088	
24	9831	53280	107936	
24	9831	53472	110496	
24	9831	54176	106048	
24	9831	54592	110240	
24	9831	55040	107904	
24	9831	55072	113440	
24	9831	55072	116224	
24	9831	55872	111232	
24	9831	56064	117824	
24	9831	57216	106144	
24	9831	57088	109856	
24	9831	57184	115296	
24	9831	57472	108480	
24	9831	57472	117888	
24	9831	58752	106784	
24	9831	59232	108480	
24	9831	59584	114272	
24	9831	60832	109184	
24	9831	60768	111424	
24	9831	60992	114336	
24	9831	61600	112448	
24	9831	55840	112416	
24	9831	56576	113728	
24	9831	56864	111456	
24	9831	57792	112800	
24	9831	58112	111296	
24	9831	58464	117600	
24	9831	59680	110112	
24	9831	61728	107424	
24	9831	62560	114688	
25	9831	48832	95456	
25	9831	49184	98656	
25	9831	49376	102464	
25	9831	47872	100256	
25	9831	48480	101312	
25	9831	48704	97088	
25	9831	49600	106112	
25	9831	49728	99840	
25	9831	49984	101120	
25	9831	50016	103520	
25	9831	50528	97472	
25	9831	50656	102144	
25	9831	50752	100256	
25	9831	50880	104352	
25	9831	50816	105536	
25	9831	51392	95776	
25	9831	51680	106528	
25	9831	52352	105440	
25	9831	52864	98368	
25	9831	53472	101536	
25	9831	54048	104256	
25	9831	54432	99936	
25	9831	54976	98208	
25	9831	55392	101184	
25	9831	56192	103360	
25	9831	51392	101280	
25	9831	51840	98016	
25	9831	52544	99360	
25	9831	52320	102240	
25	9831	53184	102720	
25	9831	53280	100224	
25	9831	55104	103840	
25	9831	55648	96896	
26	9831	47488	104320	
26	9831	48064	100480	
26	9831	47840	101888	
26	9831	50336	101888	
26	9831	50944	101248	
26	9831	46208	103104	
26	9831	46944	105152	
26	9831	48032	106272	
26	9831	48960	100384	
26	9831	49248	106688	
26	9831	49952	100096	
26	9831	50784	107520	
26	9831	51424	99392	
26	9831	51232	101696	
26	9831	51936	97568	
26	9831	52160	107616	
26	9831	52288	103456	
26	9831	53312	101728	
26	9831	53440	104960	
26	9831	53376	106240	
26	9831	53856	103520	
26	9831	56032	101312	
26	9831	50720	103136	
26	9831	51680	102368	
26	9831	51936	100224	
26	9831	52096	106400	
26	9831	53920	102176	
27	9831	48448	103008	
27	9831	49472	100704	
27	9831	49184	105440	
27	9831	49824	103712	
27	9831	50304	107040	
27	9831	51008	101856	
27	9831	51488	106944	
27	9831	51712	108416	
27	9831	52224	102624	
27	9831	52352	107648	
27	9831	52672	109312	
27	9831	52768	101632	
27	9831	52736	104096	
27	9831	53216	106880	
27	9831	53696	105088	
27	9831	54368	104544	
27	9831	49984	102656	
27	9831	50592	105920	
27	9831	51296	99680	
27	9831	51296	103104	
27	9831	51872	101824	
27	9831	51904	103872	
27	9831	52768	103072	
27	9831	53376	100928	
27	9831	53440	103936	
27	9831	53760	102624	
27	9831	55200	104224	
28	9831	46176	104800	
28	9831	46304	106016	
28	9831	47616	104640	
28	9831	47936	105696	
28	9831	47680	108928	
28	9831	48352	104384	
28	9831	48928	105568	
28	9831	45728	107552	
28	9831	46688	108768	
28	9831	49056	104672	
28	9831	48384	110016	
28	9831	49600	104096	
28	9831	49856	107520	
28	9831	50656	108288	
28	9831	50944	102496	
28	9831	52000	102592	
28	9831	52384	106624	
28	9831	54272	106688	
28	9831	55296	105408	
28	9831	49120	106848	
28	9831	50656	103904	
28	9831	51392	107040	
28	9831	52928	104032	
28	9831	53248	106272	
28	9831	54720	104832	
29	9831	49216	131744	
29	9831	49856	123552	
29	9831	50688	129536	
29	9831	51392	125952	
29	9831	51968	127264	
29	9831	52576	121280	
29	9831	52256	125088	
29	9831	53344	126304	
29	9831	54016	125312	
29	9831	55072	128384	
29	9831	55520	130016	
29	9831	55840	126208	
29	9831	56416	122176	
29	9831	46656	120768	
29	9831	47296	120192	
29	9831	47264	121440	
29	9831	47936	120768	
29	9831	47232	126944	
29	9831	48576	130880	
29	9831	49184	130432	
29	9831	50208	129408	
29	9831	50752	123648	
29	9831	51072	127424	
29	9831	50752	128576	
29	9831	51456	120032	
29	9831	51616	121792	
29	9831	51296	122528	
29	9831	51552	128896	
29	9831	51872	120864	
29	9831	52672	125632	
29	9831	52608	130464	
29	9831	53152	122528	
29	9831	53920	127840	
29	9831	54176	129632	
29	9831	53760	129504	
29	9831	54624	123904	
29	9831	56192	125568	
29	9831	56960	127328	
