MapId	PosX	PosY
23	1453	3138	
23	1452	3149	
23	1448	3146	
23	1453	3143	
23	1446	3154	
23	1455	3156	
23	1460	3136	
23	1458	3158	
23	1464	3155	
23	1464	3165	
23	1457	3166	
23	1461	3163	
23	1469	3167	
23	1467	3173	
23	1471	3171	
23	1474	3175	
23	1484	3184	
23	1473	3182	
23	1477	3189	
23	1483	3179	
23	1480	3184	
23	1484	3192	
23	1494	3190	
23	1488	3195	
23	1489	3190	
23	1490	3180	
23	1494	3198	
23	1501	3195	
23	1500	3201	
23	1506	3198	
23	1504	3211	
23	1513	3212	
23	1506	3204	
23	1517	3223	
23	1514	3218	
23	1517	3211	
23	1521	3007	
23	1523	2998	
23	1531	2996	
23	1527	3003	
23	1528	2988	
23	1533	2982	
23	1526	3140	
23	1520	3220	
23	1529	3229	
23	1523	3231	
23	1525	3225	
23	1524	3216	
23	1534	3237	
23	1538	2975	
23	1545	2986	
23	1538	2989	
23	1541	2981	
23	1551	2978	
23	1548	2983	
23	1548	2976	
23	1546	3155	
23	1548	3147	
23	1544	3152	
23	1540	3154	
23	1551	3142	
23	1549	3163	
23	1537	3230	
23	1545	3223	
23	1551	3216	
23	1547	3220	
23	1539	3225	
23	1544	3217	
23	1550	3210	
23	1549	3262	
23	1563	2967	
23	1556	2971	
23	1564	2961	
23	1560	2967	
23	1566	3162	
23	1562	3153	
23	1562	3163	
23	1558	3153	
23	1558	3144	
23	1554	3148	
23	1559	3136	
23	1556	3140	
23	1564	3176	
23	1553	3169	
23	1557	3211	
23	1554	3211	
23	1558	3206	
23	1567	3249	
23	1567	3277	
23	1569	2961	
23	1569	2971	
23	1572	2977	
23	1581	2984	
23	1583	2994	
23	1578	2984	
23	1578	2990	
23	1578	2976	
23	1569	3159	
23	1575	3157	
23	1572	3165	
23	1568	3169	
23	1577	3189	
23	1579	3196	
23	1572	3184	
23	1577	3246	
23	1572	3252	
23	1576	3258	
23	1577	3251	
23	1574	3238	
23	1572	3247	
23	1569	3257	
23	1582	3244	
23	1583	3256	
23	1583	3251	
23	1571	3237	
23	1574	3269	
23	1574	3278	
23	1570	3271	
23	1579	3265	
23	1590	2982	
23	1590	2994	
23	1584	2989	
23	1587	2982	
23	1589	2990	
23	1591	3001	
23	1597	2998	
23	1594	2988	
23	1591	2976	
23	1598	3131	
23	1599	3116	
23	1595	3137	
23	1589	3145	
23	1585	3149	
23	1586	3252	
23	1590	3250	
23	1600	3004	
23	1612	3003	
23	1606	3002	
23	1606	3014	
23	1603	3009	
23	1613	3011	
23	1613	3028	
23	1608	3037	
23	1603	3033	
23	1601	3040	
23	1600	3047	
23	1610	3129	
23	1606	3123	
23	1613	3124	
23	1603	3120	
23	1605	3115	
23	1602	3112	
23	1616	3026	
23	1621	3014	
23	1623	3008	
23	1627	3027	
23	1624	3022	
23	1629	3037	
23	1627	3119	
23	1617	3126	
23	1621	3119	
23	1623	3113	
23	1616	3135	
23	1627	3130	
23	1621	3138	
23	1628	3136	
23	1637	3039	
23	1634	3027	
23	1643	3036	
23	1634	3034	
23	1634	3041	
23	1643	3049	
23	1647	3048	
23	1638	3049	
23	1645	3058	
23	1643	3043	
23	1646	3092	
23	1640	3098	
23	1641	3094	
23	1636	3101	
23	1637	3093	
23	1653	3058	
23	1651	3066	
23	1650	3055	
23	1656	3052	
23	1657	3066	
23	1651	3081	
23	1649	3087	
23	1664	3064	
24	1565	3478
24	1577	3483
24	1568	3474
24	1572	3482
24	1577	3469
24	1581	3462
24	1583	3501
24	1592	3449
24	1594	3443
24	1598	3510
24	1589	3505
24	1601	3441
24	1613	3430
24	1606	3438
24	1614	3530
24	1606	3529
24	1608	3522
24	1604	3523
24	1627	3415
24	1619	3421
24	1631	3412
24	1622	3419
24	1620	3542
24	1626	3537
24	1635	3550
24	1643	3562
24	1634	3557
24	1655	3573
24	1659	3567
24	1662	3585
24	1679	3407
24	1671	3399
24	1679	3395
24	1666	3577
24	1676	3590
24	1669	3592
24	1683	3385
24	1694	3380
24	1687	3415
24	1695	3425
24	1684	3602
24	1684	3587
24	1695	3607
24	1690	3613
24	1690	3599
24	1701	3370
24	1710	3365
24	1706	3437
24	1709	3445
24	1711	3437
24	1701	3611
24	1710	3607
24	1704	3616
24	1697	3622
24	1710	3625
24	1709	3633
24	1724	3357
24	1717	3362
24	1714	3445
24	1724	3457
24	1724	3518
24	1722	3527
24	1713	3527
24	1717	3538
24	1726	3537
24	1720	3639
24	1734	3372
24	1728	3368
24	1739	3383
24	1731	3465
24	1741	3473
24	1735	3510
24	1728	3511
24	1740	3501
24	1731	3535
24	1739	3539
24	1730	3638
24	1730	3648
24	1736	3660
24	1757	3405
24	1754	3397
24	1757	3393
24	1755	3407
24	1749	3397
24	1757	3483
24	1749	3503
24	1744	3510
24	1748	3490
24	1755	3495
24	1748	3550
24	1747	3538
24	1759	3548
24	1756	3675
24	1748	3674
24	1746	3663
24	1756	3667
24	1758	3684
24	1754	3681
24	1770	3408
24	1768	3405
24	1767	3417
24	1775	3400
24	1762	3481
24	1772	3463
24	1769	3479
24	1768	3471
24	1763	3495
24	1769	3490
24	1766	3557
24	1770	3569
24	1766	3565
24	1775	3707
24	1767	3689
24	1789	3390
24	1782	3395
24	1778	3431
24	1784	3469
24	1778	3471
24	1787	3478
24	1787	3486
24	1790	3492
24	1790	3557
24	1789	3572
24	1784	3570
24	1783	3581
24	1776	3580
24	1777	3572
24	1784	3576
24	1785	3592
24	1778	3591
24	1785	3600
24	1788	3585
24	1791	3595
24	1785	3699
24	1791	3700
24	1789	3693
24	1778	3707
24	1783	3700
24	1787	3707
24	1790	3714
24	1784	3713
24	1798	3385
24	1793	3383
24	1799	3484
24	1796	3478
24	1802	3497
24	1807	3491
24	1802	3547
24	1806	3543
24	1797	3549
24	1798	3565
24	1792	3565
24	1798	3559
24	1798	3598
24	1799	3608
24	1805	3603
24	1802	3677
24	1794	3689
24	1801	3686
24	1799	3699
24	1807	3690
24	1808	3391
24	1814	3386
24	1810	3484
24	1822	3507
24	1811	3497
24	1808	3508
24	1821	3497
24	1818	3510
24	1821	3532
24	1815	3540
24	1808	3537
24	1818	3678
24	1809	3671
24	1811	3676
24	1822	3666
24	1815	3673
24	1818	3662
24	1814	3666
24	1823	3656
24	1811	3685
24	1824	3396
24	1837	3401
24	1829	3403
24	1836	3395
24	1833	3517
24	1826	3518
24	1833	3508
24	1827	3526
24	1828	3664
24	1826	3671
24	1836	3670
24	1845	3389
24	1843	3402
24	1850	3413
24	1844	3412
24	1852	3419
24	1854	3408
24	1847	3407
24	1846	3398
24	1840	3409
24	1843	3510
24	1852	3516
24	1841	3674
24	1842	3682
24	1854	3685
24	1849	3691
24	1851	3681
24	1867	3422
24	1859	3416
24	1864	3415
24	1858	3425
24	1858	3435
24	1869	3435
24	1864	3430
24	1870	3535
24	1862	3526
24	1858	3524
24	1866	3672
24	1867	3691
24	1856	3701
24	1864	3681
24	1860	3693
24	1860	3680
24	1864	3689
24	1884	3437
24	1886	3449
24	1881	3429
24	1876	3431
24	1878	3441
24	1877	3547
24	1875	3540
24	1887	3673
24	1883	3670
24	1879	3676
24	1879	3665
24	1886	3665
24	1874	3684
24	1872	3684
24	1880	3683
24	1894	3455
24	1895	3447
24	1891	3446
24	1901	3451
24	1891	3437
24	1893	3461
24	1903	3468
24	1900	3477
24	1899	3466
24	1902	3565
24	1897	3561
24	1888	3553
24	1895	3556
24	1902	3557
24	1896	3659
24	1888	3655
24	1889	3666
24	1896	3667
24	1892	3660
24	1893	3651
24	1905	3460
24	1914	3487
24	1906	3490
24	1918	3493
24	1918	3500
24	1914	3497
24	1915	3575
24	1908	3568
24	1917	3584
24	1911	3643
24	1911	3633
24	1910	3637
24	1918	3639
24	1914	3623
24	1918	3631
24	1909	3631
24	1907	3656
24	1904	3655
24	1908	3648
24	1925	3510
24	1926	3503
24	1932	3604
24	1927	3612
24	1927	3591
24	1930	3600
24	1923	3587
24	1927	3626
24	1921	3632
24	1927	3619
24	1922	3624
24	1936	3511
24	1939	3519
24	1951	3518
24	1950	3526
24	1944	3522
24	1944	3582
24	1947	3574
24	1936	3595
24	1940	3616
24	1962	3543
24	1955	3531
24	1957	3543
24	1967	3549
24	1967	3556
24	1954	3571
24	1959	3570
24	1957	3561
24	1973	3549
24	1969	3541
29	1436	3913
29	1437	3920
29	1443	3902
29	1448	3896
29	1450	3927
29	1442	3913
29	1445	3928
29	1442	3919
29	1468	3894
29	1457	3887
29	1465	3885
29	1464	3896
29	1469	3932
29	1464	3933
29	1471	3928
29	1457	3937
29	1474	3895
29	1476	3921
29	1477	3904
29	1480	3914
29	1486	3965
29	1482	3957
29	1486	3945
29	1488	3910
29	1498	3950
29	1493	3959
29	1489	3950
29	1490	3960
29	1497	3943
29	1491	3971
29	1499	3980
29	1509	3934
29	1514	3930
29	1519	3916
29	1515	3977
29	1509	3987
29	1518	3971
29	1511	4090
29	1514	4083
29	1517	4103
29	1534	3834
29	1534	3827
29	1535	3908
29	1527	3914
29	1531	3929
29	1531	4070
29	1535	4064
29	1520	4078
29	1529	4083
29	1522	4069
29	1547	3833
29	1542	3839
29	1542	3829
29	1551	3840
29	1545	3841
29	1551	3892
29	1541	3894
29	1545	3903
29	1539	3902
29	1536	3893
29	1540	3941
29	1536	3952
29	1536	3939
29	1546	4056
29	1548	4042
29	1541	4061
29	1539	4056
29	1539	4073
29	1566	3860
29	1558	3858
29	1559	3848
29	1553	3850
29	1565	3872
29	1561	3881
29	1559	3889
29	1554	3886
29	1553	3902
29	1554	4044
29	1563	4033
29	1560	4047
29	1559	4033
29	1552	4053
29	1572	4042
29	1578	4053
29	1582	4046
29	1583	4064
29	1585	3849
29	1587	3861
29	1596	3857
29	1593	3848
29	1596	3841
29	1598	3850
29	1584	4055
29	1599	4063
29	1591	4065
29	1594	4074
29	1614	3775
29	1610	3781
29	1608	3831
29	1602	3836
29	1614	3824
29	1604	3848
29	1610	3842
29	1613	4034
29	1612	4043
29	1601	4073
29	1611	4085
29	1603	4081
29	1612	4093
29	1622	3774
29	1617	3765
29	1622	3803
29	1629	3807
29	1628	3797
29	1628	3779
29	1617	3818
29	1625	3823
29	1619	3832
29	1623	3816
29	1631	3813
29	1619	3809
29	1620	4037
29	1619	4049
29	1631	4058
29	1628	4056
29	1616	4080
29	1619	4089
29	1618	4099
29	1623	4097
29	1647	3772
29	1635	3798
29	1636	3791
29	1638	3784
29	1634	3787
29	1642	3799
29	1644	3783
29	1641	3779
29	1647	3810
29	1643	3810
29	1634	4050
29	1642	4061
29	1643	4071
29	1647	4067
29	1656	3762
29	1648	3766
29	1654	3771
29	1661	3764
29	1661	3753
29	1652	3806
29	1657	3818
29	1661	3826
29	1661	3815
29	1649	4060
29	1653	4070
29	1661	4070
29	1649	4078
29	1663	4067
29	1665	3758
29	1665	3821
29	1678	3835
29	1670	3831
29	1678	3843
29	1668	3971
29	1671	3981
29	1674	3976
29	1664	4054
29	1672	4050
29	1674	4062
29	1674	4046
29	1679	4056
29	1688	3839
29	1692	3853
29	1687	3846
29	1690	3994
29	1682	3988
29	1680	3982
29	1692	4044
29	1687	4050
29	1692	4038
29	1686	4044
29	1703	3857
29	1697	3851
29	1696	3863
29	1699	3860
29	1710	3869
29	1706	3866
29	1696	3998
29	1709	4013
29	1708	4031
29	1709	4022
29	1703	4011
29	1707	4005
29	1701	4005
29	1703	4033
29	1697	4042
29	1699	4033
29	1696	4037
29	1722	3883
29	1720	3875
29	1727	3965
29	1724	3968
29	1712	4024
29	1730	3882
29	1733	3895
29	1739	3896
29	1731	3889
29	1742	3905
29	1732	3959
29	1741	3952
29	1736	3954
29	1741	3940
29	1744	3898
29	1755	3912
29	1750	3907
29	1746	3945
29	1766	3923
