TaskId	TaskName	TaskType	MapId	PosX	PosY	MapName	NpcId	Num	LevelSeg	ActionKind	RandCallBoss	BossId
任务编号	人物名	任务类型	地图Id编号	地图X坐标	地图Y坐标	地图名称	NpcId	数量	等级段	行为类型boss	死亡召boss概率（总概率100万）	boss的Id
50001	仆散阿鲁	KillNpc	86	1851	3899	太行古径	2995	1	1	1		
50002	鲍彻山	KillNpc	86	1819	3354	太行古径	2996	1	1	0		
50003	蔡孤尘	KillNpc	86	1710	3289	太行古径	2997	1	1	0		
50004	曹安甫	KillNpc	86	1712	3918	太行古径	2998	1	1	0		
50005	梁乙昌	KillNpc	87	1817	3396	大散关	2999	1	1	1		
50006	谷剑秋	KillNpc	87	1583	3885	大散关	3000	1	1	0		
50007	顾守腾	KillNpc	87	1785	3530	大散关	3001	1	1	0		
50008	关天问	KillNpc	87	1870	3948	大散关	3002	1	1	0		
50009	贾善仁	KillNpc	88	1920	3875	汉水古渡	3003	1	1	1		
50010	江沉雁	KillNpc	88	1602	3604	汉水古渡	3004	1	1	0		
50011	姜自遥	KillNpc	88	1888	3282	汉水古渡	3005	1	1	0		
50012	解归南	KillNpc	88	1925	3551	汉水古渡	3006	1	1	0		
50013	柯雄飞	KillNpc	89	1555	3189	寒山古刹	3007	1	1	1		
50014	孔不庸	KillNpc	89	1610	3694	寒山古刹	3008	1	1	0		
50015	雷裘客	KillNpc	89	1897	3692	寒山古刹	3009	1	1	0		
50016	李行俭	KillNpc	89	1923	3188	寒山古刹	3010	1	1	0		
50017	秦孜游	KillNpc	90	1932	3928	浣花溪	3011	1	1	1		
50018	屈向荣	KillNpc	90	1925	3228	浣花溪	3012	1	1	0		
50019	任苍穹	KillNpc	90	1606	3331	浣花溪	3013	1	1	0		
50020	桑沧海	KillNpc	90	1721	3996	浣花溪	3014	1	1	0		
50021	苏古吟	KillNpc	91	1722	3252	洱海摩岩	3015	1	1	1		
50022	孙文彪	KillNpc	91	1710	3788	洱海摩岩	3016	1	1	0		
50023	谭千军	KillNpc	91	1899	3754	洱海摩岩	3017	1	1	0		
50024	唐博闻	KillNpc	91	1963	3299	洱海摩岩	3018	1	1	0		
50025	吴铮铮	KillNpc	92	2013	3794	采石矶	3019	1	1	1		
50026	武一刀	KillNpc	92	1823	3209	采石矶	3020	1	1	0		
50027	西门无铭	KillNpc	92	1603	3208	采石矶	3021	1	1	0		
50028	项令城	KillNpc	92	1703	3679	采石矶	3022	1	1	0		
50029	蒲察沙虎	KillNpc	93	1679	3916	药王洞	3023	1	2	1		
50030	贺少雄	KillNpc	93	1654	3352	药王洞	3024	1	2	0		
50031	胡一郎	KillNpc	93	1945	3325	药王洞	3025	1	2	0		
50032	黄力豹	KillNpc	93	1875	3475	药王洞	3026	1	2	0		
50033	娄继善	KillNpc	94	1605	3788	居延泽	3027	1	2	1		
50034	卢贯北	KillNpc	94	1713	3250	居延泽	3028	1	2	0		
50035	陆仲贤	KillNpc	94	1983	3724	居延泽	3029	1	2	0		
50036	骆尔金	KillNpc	94	1716	3746	居延泽	3030	1	2	0		
50037	上官隐	KillNpc	95	1738	3256	伏牛山	3031	1	2	1		
50038	邵七刹	KillNpc	95	1611	3838	伏牛山	3032	1	2	0		
50039	施虎豹	KillNpc	95	1836	3941	伏牛山	3033	1	2	0		
50040	石故桥	KillNpc	95	1874	3280	伏牛山	3034	1	2	0		
50041	唐仇之	KillNpc	96	1948	3456	虎丘剑池	3035	1	2	1		
50042	陶岛主	KillNpc	96	1770	3225	虎丘剑池	3036	1	2	0		
50043	田无道	KillNpc	96	1576	3898	虎丘剑池	3037	1	2	0		
50044	童不复	KillNpc	96	1835	3707	虎丘剑池	3038	1	2	0		
50045	万萧山	KillNpc	97	1636	3489	响水洞	3039	1	2	1		
50046	汪逝水	KillNpc	97	1795	3276	响水洞	3040	1	2	0		
50047	王霸天	KillNpc	97	1878	3323	响水洞	3041	1	2	0		
50048	巫九屠	KillNpc	97	1896	3668	响水洞	3042	1	2	0		
50049	薛蝶衣	KillNpc	98	1852	3881	点苍山	3043	1	2	1		
50050	钟铁腿	KillNpc	98	1817	3312	点苍山	3044	1	2	0		
50051	应啸风	KillNpc	98	1856	3537	点苍山	3045	1	2	0		
50052	游万里	KillNpc	98	1615	3248	点苍山	3046	1	2	0		
50053	庄铭忠	KillNpc	99	1486	2581	彭蠡古泽	3047	1	2	1		
50054	卓冷山	KillNpc	99	1627	2774	彭蠡古泽	3048	1	2	0		
50055	柳四爷	KillNpc	99	1218	2782	彭蠡古泽	3049	1	2	0		
50056	龙远山	KillNpc	99	1380	3187	彭蠡古泽	3050	1	2	0		
50057	陈守秋	KillNpc	100	1888	3196	风陵渡	3051	1	3	1		
50058	程踏波	KillNpc	100	1699	3130	风陵渡	3052	1	3	0		
50059	褚天悯	KillNpc	100	1695	3744	风陵渡	3053	1	3	0		
50060	完颜丑奴	KillNpc	100	1909	3289	风陵渡	3054	1	3	0		
50061	嵬名奇	KillNpc	101	1713	3824	沙漠迷宫	3055	1	3	1		
50062	卫边城	KillNpc	101	1702	3311	沙漠迷宫	3056	1	3	0		
50063	于贤龙	KillNpc	101	1837	3345	沙漠迷宫	3057	1	3	0		
50064	袁念夕	KillNpc	101	1592	3773	沙漠迷宫	3058	1	3	0		
50065	臧安儿	KillNpc	102	1616	3122	鸡冠洞	3059	1	3	1		
50066	曾阿牛	KillNpc	102	1634	2842	鸡冠洞	3060	1	3	0		
50067	詹覆云	KillNpc	102	1213	2955	鸡冠洞	3061	1	3	0		
50068	张镇飞	KillNpc	102	1400	2724	鸡冠洞	3062	1	3	0		
50069	叶华容	KillNpc	103	1794	3216	蜀冈山	3063	1	3	1		
50070	卓七郎	KillNpc	103	1975	3411	蜀冈山	3064	1	3	0		
50071	左弃名	KillNpc	103	1719	3908	蜀冈山	3065	1	3	0		
50072	白苍岩	KillNpc	103	1628	3512	蜀冈山	3066	1	3	0		
50073	袁天寿	KillNpc	104	1781	3750	剑阁蜀道	3067	1	3	1		
50074	岳元镜	KillNpc	104	1925	3525	剑阁蜀道	3068	1	3	0		
50075	上官仇	KillNpc	104	1532	3541	剑阁蜀道	3069	1	3	0		
50076	薛无极	KillNpc	104	1754	3376	剑阁蜀道	3070	1	3	0		
50077	连荆泰	KillNpc	105	1277	3377	段氏皇陵	3071	1	3	1		
50078	凌尽忠	KillNpc	105	1549	3089	段氏皇陵	3072	1	3	0		
50079	荆不平	KillNpc	105	1887	3371	段氏皇陵	3073	1	3	0		
50080	蒲十三	KillNpc	105	1541	3651	段氏皇陵	3074	1	3	0		
50081	燕流笙	KillNpc	106	1719	3822	九嶷溪	3075	1	3	1		
50082	阳风逸	KillNpc	106	1920	3740	九嶷溪	3076	1	3	0		
50083	谢仲侯	KillNpc	106	1847	3285	九嶷溪	3077	1	3	0		
50084	叶浩龙	KillNpc	106	1731	3489	九嶷溪	3078	1	3	0		
50085	耶律铁刺	KillNpc	107	1922	3698	龙门石窟	3079	1	4	1		
50086	章元崇	KillNpc	107	1778	3829	龙门石窟	3080	1	4	0		
50087	郑九公	KillNpc	107	1708	3301	龙门石窟	3081	1	4	0		
50088	郑卓群	KillNpc	107	1883	3293	龙门石窟	3082	1	4	0		
50089	没藏武	KillNpc	108	1885	3289	西夏皇陵	3083	1	4	1		
50090	莫南竹	KillNpc	108	1787	2916	西夏皇陵	3084	1	4	0		
50091	黄万劫	KillNpc	108	1931	2843	西夏皇陵	3085	1	4	0		
50092	轻轻儿	KillNpc	108	2001	3021	西夏皇陵	3086	1	4	0		
50093	莫小小	KillNpc	109	1823	3888	黄鹤楼	3087	1	4	1		
50094	潘守安	KillNpc	109	1821	3474	黄鹤楼	3088	1	4	0		
50095	丛无影	KillNpc	109	1886	3327	黄鹤楼	3089	1	4	0		
50096	邓安奎	KillNpc	109	1646	3301	黄鹤楼	3090	1	4	0		
50097	辜无常	KillNpc	110	1323	3055	荐菊洞	3091	1	4	1		
50098	古清扬	KillNpc	110	1586	3276	荐菊洞	3092	1	4	0		
50099	关子漠	KillNpc	110	1642	2944	荐菊洞	3093	1	4	0		
50100	何连素	KillNpc	110	1380	3000	荐菊洞	3094	1	4	0		
50101	周尘飞	KillNpc	111	1709	3209	剑门关	3095	1	4	1		
50102	周楚伯	KillNpc	111	1962	3225	剑门关	3096	1	4	0		
50103	诸葛惊鸿	KillNpc	111	1938	3698	剑门关	3097	1	4	0		
50104	风无痕	KillNpc	111	1622	3637	剑门关	3098	1	4	0		
50105	甘正孤	KillNpc	112	1598	3720	天龙寺	3099	1	4	1		
50106	耿容复	KillNpc	112	1631	3323	天龙寺	3100	1	4	0		
50107	沽誉叟	KillNpc	112	1847	3357	天龙寺	3101	1	4	0		
50108	段凌月	KillNpc	112	1793	3756	天龙寺	3102	1	4	0		
50109	范朝霜	KillNpc	113	1740	3702	帮源秘洞	3103	1	4	1		
50110	方大舟	KillNpc	113	1750	3198	帮源秘洞	3104	1	4	0		
50111	冯双翼	KillNpc	113	1495	3307	帮源秘洞	3105	1	4	0		
50112	傅修文	KillNpc	113	1405	3495	帮源秘洞	3106	1	4	0		
50113	旭日干	KillNpc	114	1617	3744	敕勒川	3107	1	5	1		
50114	查干巴拉	KillNpc	114	1736	3228	敕勒川	3108	1	5	0		
50115	哈尔巴拉	KillNpc	114	1838	3766	敕勒川	3109	1	5	0		
50116	苏赫巴鲁	KillNpc	114	1926	3232	敕勒川	3110	1	5	0		
50117	狂风沙	KillNpc	115	1489	2902	嘉峪关	3111	1	5	1		
50118	马万虬	KillNpc	115	1512	3177	嘉峪关	3112	1	5	0		
50119	哥舒漠	KillNpc	115	1642	3267	嘉峪关	3113	1	5	0		
50120	楚飞鹰	KillNpc	115	1779	2921	嘉峪关	3114	1	5	0		
50121	令狐瞻	KillNpc	116	1599	3670	华山	3115	1	5	1		
50122	岳冷禅	KillNpc	116	1700	3490	华山	3116	1	5	0		
50123	封之谷	KillNpc	116	1821	3234	华山	3117	1	5	0		
50124	宁浣浣	KillNpc	116	1856	3589	华山	3118	1	5	0		
50125	牛震山	KillNpc	117	1622	2919	蜀冈秘境	3119	1	5	1		
50126	元十二	KillNpc	117	1672	3358	蜀冈秘境	3120	1	5	0		
50127	姚青萍	KillNpc	117	1438	3440	蜀冈秘境	3121	1	5	0		
50128	孙月楼	KillNpc	117	1536	2937	蜀冈秘境	3122	1	5	0		
50129	黑无常	KillNpc	118	1457	3597	丰都鬼城	3123	1	5	1		
50130	白无常	KillNpc	118	1617	3849	丰都鬼城	3124	1	5	0		
50131	阎十殿	KillNpc	118	1860	3784	丰都鬼城	3125	1	5	0		
50132	钟神判	KillNpc	118	1874	3406	丰都鬼城	3126	1	5	0		
50133	芭黛儿	KillNpc	119	1580	3193	苗岭	3127	1	5	1		
50134	纪千城	KillNpc	119	1606	3653	苗岭	3128	1	5	0		
50135	楼芊芊	KillNpc	119	1718	3275	苗岭	3129	1	5	0		
50136	白远海	KillNpc	119	1838	3666	苗岭	3130	1	5	0		
50137	田不二	KillNpc	120	1843	3469	武夷山	3131	1	5	1		
50138	沈五郎	KillNpc	120	1932	3867	武夷山	3132	1	5	0		
50139	史铁掌	KillNpc	120	1690	3802	武夷山	3133	1	5	0		
50140	余正海	KillNpc	120	1619	3571	武夷山	3134	1	5	0		
50141	裴时渊	KillNpc	121	1817	3266	武陵山	3135	1	5	1		
50142	吴太玄	KillNpc	121	1682	3456	武陵山	3136	1	5	0		
50143	皇甫建	KillNpc	121	1567	3310	武陵山	3137	1	5	0		
50144	申屠甄	KillNpc	121	1482	3158	武陵山	3138	1	5	0		
50145	鬼失惊	KillNpc	1742	1638	3182	万骨窟·魑	7040	1	6	1		
50146	慕容燕	KillNpc	1774	1820	3179	万骨窟·魑	7041	1	6	0		
50147	上官婉儿	KillNpc	1743	1638	3182	万骨窟·魅	7042	1	6	0		
50148	苏无纳邪	KillNpc	1775	1820	3179	万骨窟·魅	7043	1	6	0		
50149	燕十八	KillNpc	1744	1638	3182	万骨窟·魍	7044	1	6	1		
50150	江断水	KillNpc	1776	1820	3179	万骨窟·魍	7045	1	6	0		
50151	辛漠秋	KillNpc	1745	1638	3182	万骨窟·魉	7046	1	6	0		
50152	柳霜云	KillNpc	1777	1820	3179	万骨窟·魉	7047	1	6	0		
50153	谭戟戈	KillNpc	1746	1638	3182	拜月坛·朔	7048	1	6	1		
50154	刘啸虎	KillNpc	1778	1820	3179	拜月坛·朔	7049	1	6	0		
50155	俞小二	KillNpc	1747	1638	3182	拜月坛·望	7050	1	6	0		
50156	胡三条	KillNpc	1779	1820	3179	拜月坛·望	7051	1	6	0		
50157	菊小七	KillNpc	1748	1638	3182	拜月坛·残	7052	1	6	1		
50158	毛太公	KillNpc	1780	1820	3179	拜月坛·残	7053	1	6	0		
50159	崔野	KillNpc	1749	1638	3182	拜月坛·眉	7054	1	6	0		
50160	元千水	KillNpc	1781	1820	3179	拜月坛·眉	7055	1	6	0		
50161	窦陌香	KillNpc	1750	1638	3182	混阳殿·光	7061	1	6	1		
50162	斐媚妮	KillNpc	1782	1820	3179	混阳殿·光	7062	1	6	0		
50163	齐垚溜	KillNpc	1751	1638	3182	混阳殿·影	7063	1	6	0		
50164	苏娜蒙	KillNpc	1783	1820	3179	混阳殿·影	7064	1	6	0		
50165	清泉道人	KillNpc	1752	1638	3182	混阳殿·明	7065	1	6	1		
50166	耿武	KillNpc	1784	1820	3179	混阳殿·明	7066	1	6	0		
50167	胡渊	KillNpc	1753	1638	3182	混阳殿·暗	7067	1	6	0		
50168	肖子扬	KillNpc	1785	1820	3179	混阳殿·暗	7068	1	6	0		
50169	栗殿懿	KillNpc	1754	1638	3182	焚明堂·焦	7069	1	6	1		
50170	霍功殿	KillNpc	1786	1820	3179	焚明堂·焦	7070	1	6	0		
50171	刘泰洋	KillNpc	1755	1638	3182	焚明堂·炎	7071	1	6	0		
50172	崇尚松	KillNpc	1787	1820	3179	焚明堂·炎	7072	1	6	0		
50173	赤焱	KillNpc	1756	1638	3182	焚明堂·尘	7073	1	6	1		
50174	赵曼蝶	KillNpc	1788	1820	3179	焚明堂·尘	7074	1	6	0		
50175	闻焕章	KillNpc	1757	1638	3182	焚明堂·逝	7075	1	6	0		
50176	高振飞	KillNpc	1789	1820	3179	焚明堂·逝	7076	1	6	0		
50177	上官娜娜	KillNpc	1758	1638	3182	陨丹宫·日	7077	1	6	1		
50178	公孙康	KillNpc	1790	1820	3179	陨丹宫·日	7078	1	6	0		
50179	玉娇枝	KillNpc	1759	1638	3182	陨丹宫·月	7079	1	6	0		
50180	耶律国珍	KillNpc	1791	1820	3179	陨丹宫·月	7080	1	6	0		
50181	许轻雪	KillNpc	1760	1638	3182	陨丹宫·星	7081	1	6	1		
50182	赵清雨	KillNpc	1792	1820	3179	陨丹宫·星	7082	1	6	0		
50183	项之轩	KillNpc	1761	1638	3182	陨丹宫·辰	7083	1	6	0		
50184	裴元龙	KillNpc	1793	1820	3179	陨丹宫·辰	7084	1	6	0		
50185	欧阳飞	KillNpc	1762	1638	3182	血罗门·山	7085	1	6	1		
50186	吕沛杰	KillNpc	1794	1820	3179	血罗门·山	7086	1	6	0		
50187	吴剑道	KillNpc	1763	1638	3182	血罗门·河	7087	1	6	0		
50188	易威武	KillNpc	1795	1820	3179	血罗门·河	7088	1	6	0		
50189	楚忠天	KillNpc	1764	1638	3182	血罗门·湖	7089	1	6	1		
50190	周文浩	KillNpc	1796	1820	3179	血罗门·湖	7090	1	6	0		
50191	尚怡远	KillNpc	1765	1638	3182	血罗门·海	7091	1	6	0		
50192	陈啸摩	KillNpc	1797	1820	3179	血罗门·海	7092	1	6	0		
50193	癞头和尚	KillNpc	1766	1638	3182	魔龙殿·云	7093	1	6	1		
50194	巴尔虎	KillNpc	1798	1820	3179	魔龙殿·云	7094	1	6	0		
50195	海日罕	KillNpc	1767	1638	3182	魔龙殿·电	7095	1	6	0		
50196	巴赫土木	KillNpc	1799	1820	3179	魔龙殿·电	7096	1	6	0		
50197	乌尔巴图	KillNpc	1768	1638	3182	魔龙殿·霓	7097	1	6	1		
50198	哈斯卡	KillNpc	1800	1820	3179	魔龙殿·霓	7098	1	6	0		
50199	戴泽	KillNpc	1769	1638	3182	魔龙殿·风	7099	1	6	0		
50200	凤飞飞	KillNpc	1801	1820	3179	魔龙殿·风	7100	1	6	0		
50201	荧七邪	KillNpc	1770	1638	3182	嗜魂屋·灵	7101	1	6	1		
50202	花无影	KillNpc	1802	1820	3179	嗜魂屋·灵	7102	1	6	0		
50203	楚西月	KillNpc	1771	1638	3182	嗜魂屋·魄	7103	1	6	0		
50204	慕俊	KillNpc	1803	1820	3179	嗜魂屋·魄	7104	1	6	0		
50205	紫黛悖	KillNpc	1772	1638	3182	嗜魂屋·冥	7105	1	6	1		
50206	寒雨烟	KillNpc	1804	1820	3179	嗜魂屋·冥	7106	1	6	0		
50207	班古儿	KillNpc	1773	1638	3182	嗜魂屋·枢	7107	1	6	0		
50208	苏吉	KillNpc	1805	1820	3179	嗜魂屋·枢	7108	1	6	0		
